B3
Confusion matrix not normalized
,,Alt,Big,Mac,Mil,Myc,Pse,Syl
,Alt,447,19,6,0,14,2,6
,Big,48,240,4,1,12,22,5
,Mac,10,9,263,19,16,47,23
,Mil,0,0,5,408,1,9,24
,Myc,36,16,27,2,282,16,7
,Pse,14,24,26,6,6,305,13
,Syl,4,1,5,14,1,1,419

Confusion matrix normalized
,,Alt,Big,Mac,Mil,Myc,Pse,Syl
,Alt,0.9048582995951417,0.038461538461538464,0.012145748987854251,0.0,0.02834008097165992,0.004048582995951417,0.012145748987854251
,Big,0.14457831325301204,0.7228915662650602,0.012048192771084338,0.0030120481927710845,0.03614457831325301,0.06626506024096386,0.015060240963855422
,Mac,0.025839793281653745,0.023255813953488372,0.6795865633074936,0.04909560723514212,0.041343669250646,0.12144702842377261,0.059431524547803614
,Mil,0.0,0.0,0.011185682326621925,0.912751677852349,0.0022371364653243847,0.020134228187919462,0.053691275167785234
,Myc,0.09326424870466321,0.04145077720207254,0.06994818652849741,0.0051813471502590676,0.7305699481865285,0.04145077720207254,0.018134715025906734
,Pse,0.03553299492385787,0.06091370558375635,0.06598984771573604,0.015228426395939087,0.015228426395939087,0.7741116751269036,0.03299492385786802
,Syl,0.008988764044943821,0.0022471910112359553,0.011235955056179775,0.03146067415730337,0.0022471910112359553,0.0022471910112359553,0.9415730337078652

accuracy,0.8194107452339688

,precision,recall,f1-score,support
Alt,0.7996422182468694,0.9048582995951417,0.8490028490028491,494
Big,0.7766990291262136,0.7228915662650602,0.748829953198128,332
Mac,0.7827380952380952,0.6795865633074936,0.7275242047026279,387
Mil,0.9066666666666666,0.912751677852349,0.9096989966555183,447
Myc,0.8493975903614458,0.7305699481865285,0.7855153203342619,386
Pse,0.7587064676616916,0.7741116751269036,0.7663316582914573,394
Syl,0.8430583501006036,0.9415730337078652,0.8895966029723993,445
macro avg,0.8167012024859409,0.8094775377201916,0.8109285121653202,2885
weighted avg,0.8190799862301534,0.8194107452339688,0.8170607784862035,2885

B4
Confusion matrix not normalized
,,Alt,Big,Mac,Mil,Myc,Pse,Syl
,Alt,442,21,5,0,13,8,5
,Big,29,256,9,0,13,21,4
,Mac,6,11,257,15,22,53,23
,Mil,1,0,10,406,1,10,19
,Myc,30,9,18,0,293,30,6
,Pse,8,22,25,8,23,303,5
,Syl,2,2,9,15,0,3,414

Confusion matrix normalized
,,Alt,Big,Mac,Mil,Myc,Pse,Syl
,Alt,0.8947368421052632,0.04251012145748988,0.010121457489878543,0.0,0.02631578947368421,0.016194331983805668,0.010121457489878543
,Big,0.08734939759036145,0.7710843373493976,0.02710843373493976,0.0,0.0391566265060241,0.06325301204819277,0.012048192771084338
,Mac,0.015503875968992248,0.028423772609819122,0.6640826873385013,0.03875968992248062,0.056847545219638244,0.13695090439276486,0.059431524547803614
,Mil,0.0022371364653243847,0.0,0.02237136465324385,0.9082774049217002,0.0022371364653243847,0.02237136465324385,0.042505592841163314
,Myc,0.07772020725388601,0.023316062176165803,0.046632124352331605,0.0,0.7590673575129534,0.07772020725388601,0.015544041450777202
,Pse,0.02030456852791878,0.05583756345177665,0.06345177664974619,0.02030456852791878,0.0583756345177665,0.7690355329949239,0.012690355329949238
,Syl,0.0044943820224719105,0.0044943820224719105,0.020224719101123594,0.033707865168539325,0.0,0.006741573033707865,0.9303370786516854

accuracy,0.8218370883882149

,precision,recall,f1-score,support
Alt,0.8532818532818532,0.8947368421052632,0.8735177865612648,494
Big,0.7975077881619937,0.7710843373493976,0.7840735068912712,332
Mac,0.7717717717717718,0.6640826873385013,0.7138888888888889,387
Mil,0.9144144144144144,0.9082774049217002,0.9113355780022446,447
Myc,0.8027397260273973,0.7590673575129534,0.7802929427430093,386
Pse,0.7079439252336449,0.7690355329949239,0.7372262773722627,394
Syl,0.8697478991596639,0.9303370786516854,0.8990228013029316,445
macro avg,0.816772482578677,0.8138030344106321,0.8141939688231249,2885
weighted avg,0.8213303279114794,0.8218370883882149,0.8205190883810911,2885

B5
Confusion matrix not normalized
,,Alt,Big,Mac,Mil,Myc,Pse,Syl
,Alt,457,19,9,0,8,0,1
,Big,35,266,10,0,4,13,4
,Mac,15,9,291,12,12,25,23
,Mil,0,0,5,417,0,10,15
,Myc,47,14,24,0,275,18,8
,Pse,22,26,30,8,9,294,5
,Syl,0,1,9,13,1,2,419

Confusion matrix normalized
,,Alt,Big,Mac,Mil,Myc,Pse,Syl
,Alt,0.9251012145748988,0.038461538461538464,0.018218623481781375,0.0,0.016194331983805668,0.0,0.0020242914979757085
,Big,0.10542168674698796,0.8012048192771084,0.030120481927710843,0.0,0.012048192771084338,0.0391566265060241,0.012048192771084338
,Mac,0.03875968992248062,0.023255813953488372,0.751937984496124,0.031007751937984496,0.031007751937984496,0.06459948320413436,0.059431524547803614
,Mil,0.0,0.0,0.011185682326621925,0.9328859060402684,0.0,0.02237136465324385,0.03355704697986577
,Myc,0.12176165803108809,0.03626943005181347,0.06217616580310881,0.0,0.7124352331606217,0.046632124352331605,0.02072538860103627
,Pse,0.05583756345177665,0.06598984771573604,0.07614213197969544,0.02030456852791878,0.02284263959390863,0.7461928934010152,0.012690355329949238
,Syl,0.0,0.0022471910112359553,0.020224719101123594,0.029213483146067417,0.0022471910112359553,0.0044943820224719105,0.9415730337078652

accuracy,0.838474870017331

,precision,recall,f1-score,support
Alt,0.7934027777777778,0.9251012145748988,0.8542056074766355,494
Big,0.7940298507462686,0.8012048192771084,0.7976011994002997,332
Mac,0.7698412698412699,0.751937984496124,0.7607843137254903,387
Mil,0.9266666666666666,0.9328859060402684,0.9297658862876254,447
Myc,0.889967637540453,0.7124352331606217,0.79136690647482,386
Pse,0.8121546961325967,0.7461928934010152,0.7777777777777777,394
Syl,0.8821052631578947,0.9415730337078652,0.9108695652173913,445
macro avg,0.8383097374089896,0.8301901549511287,0.8317673223371485,2885
weighted avg,0.8401250449118461,0.838474870017331,0.8367622446246636,2885

B6
Confusion matrix not normalized
,,Alt,Big,Mac,Mil,Myc,Pse,Syl
,Alt,448,16,10,0,5,10,5
,Big,32,259,15,0,6,17,3
,Mac,8,18,291,19,9,28,14
,Mil,0,1,12,410,2,9,13
,Myc,37,9,32,5,285,17,1
,Pse,15,17,35,8,8,306,5
,Syl,3,4,12,18,0,7,401

Confusion matrix normalized
,,Alt,Big,Mac,Mil,Myc,Pse,Syl
,Alt,0.9068825910931174,0.032388663967611336,0.020242914979757085,0.0,0.010121457489878543,0.020242914979757085,0.010121457489878543
,Big,0.0963855421686747,0.7801204819277109,0.045180722891566265,0.0,0.018072289156626505,0.05120481927710843,0.009036144578313253
,Mac,0.020671834625323,0.046511627906976744,0.751937984496124,0.04909560723514212,0.023255813953488372,0.07235142118863049,0.03617571059431524
,Mil,0.0,0.0022371364653243847,0.026845637583892617,0.9172259507829977,0.0044742729306487695,0.020134228187919462,0.029082774049217
,Myc,0.09585492227979274,0.023316062176165803,0.08290155440414508,0.012953367875647668,0.7383419689119171,0.04404145077720207,0.0025906735751295338
,Pse,0.03807106598984772,0.04314720812182741,0.08883248730964467,0.02030456852791878,0.02030456852791878,0.7766497461928934,0.012690355329949238
,Syl,0.006741573033707865,0.008988764044943821,0.02696629213483146,0.04044943820224719,0.0,0.015730337078651686,0.9011235955056179

accuracy,0.8318890814558059

,precision,recall,f1-score,support
Alt,0.8250460405156538,0.9068825910931174,0.8640308582449373,494
Big,0.7993827160493827,0.7801204819277109,0.7896341463414634,332
Mac,0.714987714987715,0.751937984496124,0.7329974811083123,387
Mil,0.8913043478260869,0.9172259507829977,0.9040793825799337,447
Myc,0.9047619047619048,0.7383419689119171,0.8131241084165478,386
Pse,0.7766497461928934,0.7766497461928934,0.7766497461928935,394
Syl,0.9072398190045249,0.9011235955056179,0.9041713641488163,445
macro avg,0.8313388984768803,0.8246117598443398,0.8263838695761291,2885
weighted avg,0.8343296047198419,0.8318890814558059,0.8315443510071135,2885

VGG16
Confusion matrix not normalized
,,Alt,Big,Mac,Mil,Myc,Pse,Syl
,Alt,466,2,9,3,4,5,5
,Big,57,198,32,2,4,34,5
,Mac,11,16,252,31,11,30,36
,Mil,4,0,8,405,0,7,23
,Myc,70,11,46,10,202,35,12
,Pse,18,18,40,25,5,273,15
,Syl,5,7,6,15,0,7,405

Confusion matrix normalized
,,Alt,Big,Mac,Mil,Myc,Pse,Syl
,Alt,0.9433198380566802,0.004048582995951417,0.018218623481781375,0.006072874493927126,0.008097165991902834,0.010121457489878543,0.010121457489878543
,Big,0.1716867469879518,0.5963855421686747,0.0963855421686747,0.006024096385542169,0.012048192771084338,0.10240963855421686,0.015060240963855422
,Mac,0.028423772609819122,0.041343669250646,0.6511627906976745,0.08010335917312661,0.028423772609819122,0.07751937984496124,0.09302325581395349
,Mil,0.008948545861297539,0.0,0.017897091722595078,0.9060402684563759,0.0,0.015659955257270694,0.05145413870246085
,Myc,0.18134715025906736,0.02849740932642487,0.11917098445595854,0.025906735751295335,0.5233160621761658,0.09067357512953368,0.031088082901554404
,Pse,0.04568527918781726,0.04568527918781726,0.10152284263959391,0.06345177664974619,0.012690355329949238,0.6928934010152284,0.03807106598984772
,Syl,0.011235955056179775,0.015730337078651686,0.01348314606741573,0.033707865168539325,0.0,0.015730337078651686,0.9101123595505618

accuracy,0.7629116117850954

,precision,recall,f1-score,support
Alt,0.7385103011093502,0.9433198380566802,0.8284444444444444,494
Big,0.7857142857142857,0.5963855421686747,0.6780821917808219,332
Mac,0.6412213740458015,0.6511627906976745,0.6461538461538462,387
Mil,0.824847250509165,0.9060402684563759,0.8635394456289979,447
Myc,0.8938053097345132,0.5233160621761658,0.6601307189542484,386
Pse,0.6982097186700768,0.6928934010152284,0.6955414012738854,394
Syl,0.8083832335329342,0.9101123595505618,0.8562367864693446,445
macro avg,0.7700987819023039,0.746175751731623,0.7468755478150841,2885
weighted avg,0.7703204998177371,0.7629116117850954,0.7557426875152853,2885

