linear_auto
Result global
Confusion matrix not normalized
,,Alt,Big,Mac,Mil,Myc,Pse,Syl
,Alt,842,11,42,1,61,31,0
,Big,29,517,61,1,17,39,1
,Mac,17,32,506,0,72,121,2
,Mil,0,0,10,65,0,17,8
,Myc,59,28,59,2,568,52,0
,Pse,35,73,59,0,63,550,0
,Syl,3,22,37,64,14,7,710

Confusion matrix normalized
,,Alt,Big,Mac,Mil,Myc,Pse,Syl
,Alt,0.8522267206477733,0.011133603238866396,0.04251012145748988,0.0010121457489878543,0.06174089068825911,0.03137651821862348,0.0
,Big,0.04360902255639098,0.7774436090225564,0.09172932330827067,0.0015037593984962407,0.02556390977443609,0.058646616541353384,0.0015037593984962407
,Mac,0.02266666666666667,0.042666666666666665,0.6746666666666666,0.0,0.096,0.16133333333333333,0.0026666666666666666
,Mil,0.0,0.0,0.1,0.65,0.0,0.17,0.08
,Myc,0.07682291666666667,0.036458333333333336,0.07682291666666667,0.0026041666666666665,0.7395833333333334,0.06770833333333333,0.0
,Pse,0.04487179487179487,0.09358974358974359,0.07564102564102564,0.0,0.08076923076923077,0.7051282051282052,0.0
,Syl,0.003500583430571762,0.025670945157526253,0.043173862310385065,0.07467911318553092,0.01633605600933489,0.008168028004667444,0.8284714119019837

accuracy,0.7656886715566422

,precision,recall,f1-score,support
Alt,0.8548223350253807,0.8522267206477733,0.8535225544855549,988
Big,0.7569546120058566,0.7774436090225564,0.7670623145400595,665
Mac,0.6537467700258398,0.6746666666666666,0.6640419947506562,750
Mil,0.48872180451127817,0.65,0.5579399141630902,100
Myc,0.7144654088050314,0.7395833333333334,0.7268074216250799,768
Pse,0.6731946144430845,0.7051282051282052,0.688791484032561,780
Syl,0.984743411927878,0.8284714119019837,0.8998732572877061,857
macro avg,0.7323784223920499,0.7467885638143599,0.7368627058406725,4908
weighted avg,0.7752338792195477,0.7656886715566422,0.7689158617215143,4908

Iteration_0
Confusion matrix not normalized
,,Alt,Big,Mac,Mil,Myc,Pse,Syl
,Alt,169,2,6,1,17,3,0
,Big,7,99,15,0,1,10,1
,Mac,4,5,90,0,19,31,1
,Mil,0,0,1,12,0,5,2
,Myc,9,4,10,0,122,9,0
,Pse,7,16,12,0,12,109,0
,Syl,2,4,5,11,5,0,144

Confusion matrix normalized
,,Alt,Big,Mac,Mil,Myc,Pse,Syl
,Alt,0.8535353535353535,0.010101010101010102,0.030303030303030304,0.005050505050505051,0.08585858585858586,0.015151515151515152,0.0
,Big,0.05263157894736842,0.7443609022556391,0.11278195488721804,0.0,0.007518796992481203,0.07518796992481203,0.007518796992481203
,Mac,0.02666666666666667,0.03333333333333333,0.6,0.0,0.12666666666666668,0.20666666666666667,0.006666666666666667
,Mil,0.0,0.0,0.05,0.6,0.0,0.25,0.1
,Myc,0.05844155844155844,0.025974025974025976,0.06493506493506493,0.0,0.7922077922077922,0.05844155844155844,0.0
,Pse,0.04487179487179487,0.10256410256410256,0.07692307692307693,0.0,0.07692307692307693,0.6987179487179487,0.0
,Syl,0.011695906432748537,0.023391812865497075,0.029239766081871343,0.06432748538011696,0.029239766081871343,0.0,0.8421052631578947

accuracy,0.7586558044806517

,precision,recall,f1-score,support
Alt,0.8535353535353535,0.8535353535353535,0.8535353535353535,198
Big,0.7615384615384615,0.7443609022556391,0.752851711026616,133
Mac,0.6474820143884892,0.6,0.6228373702422144,150
Mil,0.5,0.6,0.5454545454545454,20
Myc,0.6931818181818182,0.7922077922077922,0.7393939393939394,154
Pse,0.6526946107784432,0.6987179487179487,0.6749226006191951,156
Syl,0.972972972972973,0.8421052631578947,0.90282131661442,171
macro avg,0.7259150330565055,0.7329896085535184,0.7274024052694691,982
weighted avg,0.7661462883937926,0.7586558044806517,0.7606934944157739,982

Iteration_1
Confusion matrix not normalized
,,Alt,Big,Mac,Mil,Myc,Pse,Syl
,Alt,179,2,9,0,4,4,0
,Big,4,105,15,0,4,5,0
,Mac,2,6,109,0,12,21,0
,Mil,0,0,2,13,0,3,2
,Myc,20,5,15,0,105,8,0
,Pse,11,15,18,0,11,101,0
,Syl,0,6,7,12,3,4,140

Confusion matrix normalized
,,Alt,Big,Mac,Mil,Myc,Pse,Syl
,Alt,0.9040404040404041,0.010101010101010102,0.045454545454545456,0.0,0.020202020202020204,0.020202020202020204,0.0
,Big,0.03007518796992481,0.7894736842105263,0.11278195488721804,0.0,0.03007518796992481,0.03759398496240601,0.0
,Mac,0.013333333333333334,0.04,0.7266666666666667,0.0,0.08,0.14,0.0
,Mil,0.0,0.0,0.1,0.65,0.0,0.15,0.1
,Myc,0.13071895424836602,0.032679738562091505,0.09803921568627451,0.0,0.6862745098039216,0.05228758169934641,0.0
,Pse,0.07051282051282051,0.09615384615384616,0.11538461538461539,0.0,0.07051282051282051,0.6474358974358975,0.0
,Syl,0.0,0.03488372093023256,0.040697674418604654,0.06976744186046512,0.01744186046511628,0.023255813953488372,0.813953488372093

accuracy,0.7657841140529531

,precision,recall,f1-score,support
Alt,0.8287037037037037,0.9040404040404041,0.8647342995169083,198
Big,0.7553956834532374,0.7894736842105263,0.7720588235294118,133
Mac,0.6228571428571429,0.7266666666666667,0.6707692307692308,150
Mil,0.52,0.65,0.5777777777777778,20
Myc,0.7553956834532374,0.6862745098039216,0.7191780821917807,153
Pse,0.6917808219178082,0.6474358974358975,0.6688741721854304,156
Syl,0.9859154929577465,0.813953488372093,0.89171974522293,172
macro avg,0.7371497897632681,0.7454063786470727,0.7378731615990671,982
weighted avg,0.7754076815045226,0.7657841140529531,0.7676441635634556,982

Iteration_2
Confusion matrix not normalized
,,Alt,Big,Mac,Mil,Myc,Pse,Syl
,Alt,172,1,7,0,7,11,0
,Big,7,107,8,0,6,5,0
,Mac,4,7,104,0,14,21,0
,Mil,0,0,4,11,0,5,0
,Myc,9,5,11,0,117,11,0
,Pse,6,17,10,0,13,110,0
,Syl,1,2,11,15,3,1,139

Confusion matrix normalized
,,Alt,Big,Mac,Mil,Myc,Pse,Syl
,Alt,0.8686868686868687,0.005050505050505051,0.03535353535353535,0.0,0.03535353535353535,0.05555555555555555,0.0
,Big,0.05263157894736842,0.8045112781954887,0.06015037593984962,0.0,0.045112781954887216,0.03759398496240601,0.0
,Mac,0.02666666666666667,0.04666666666666667,0.6933333333333334,0.0,0.09333333333333334,0.14,0.0
,Mil,0.0,0.0,0.2,0.55,0.0,0.25,0.0
,Myc,0.058823529411764705,0.032679738562091505,0.0718954248366013,0.0,0.7647058823529411,0.0718954248366013,0.0
,Pse,0.038461538461538464,0.10897435897435898,0.0641025641025641,0.0,0.08333333333333333,0.7051282051282052,0.0
,Syl,0.005813953488372093,0.011627906976744186,0.06395348837209303,0.0872093023255814,0.01744186046511628,0.005813953488372093,0.8081395348837209

accuracy,0.7739307535641547

,precision,recall,f1-score,support
Alt,0.864321608040201,0.8686868686868687,0.8664987405541562,198
Big,0.7697841726618705,0.8045112781954887,0.786764705882353,133
Mac,0.6709677419354839,0.6933333333333334,0.6819672131147543,150
Mil,0.4230769230769231,0.55,0.47826086956521735,20
Myc,0.73125,0.7647058823529411,0.7476038338658146,153
Pse,0.6707317073170732,0.7051282051282052,0.6875,156
Syl,1.0,0.8081395348837209,0.8938906752411575,172
macro avg,0.7328760218616502,0.7420721575115083,0.7346408626033504,982
weighted avg,0.7852740014758789,0.7739307535641547,0.7774433183233626,982

Iteration_3
Confusion matrix not normalized
,,Alt,Big,Mac,Mil,Myc,Pse,Syl
,Alt,162,4,7,0,19,5,0
,Big,3,106,12,0,2,10,0
,Mac,4,8,99,0,16,23,0
,Mil,0,0,0,15,0,2,3
,Myc,8,7,10,1,115,13,0
,Pse,7,11,8,0,14,116,0
,Syl,0,5,6,14,2,1,143

Confusion matrix normalized
,,Alt,Big,Mac,Mil,Myc,Pse,Syl
,Alt,0.8223350253807107,0.02030456852791878,0.03553299492385787,0.0,0.09644670050761421,0.025380710659898477,0.0
,Big,0.022556390977443608,0.7969924812030075,0.09022556390977443,0.0,0.015037593984962405,0.07518796992481203,0.0
,Mac,0.02666666666666667,0.05333333333333334,0.66,0.0,0.10666666666666667,0.15333333333333332,0.0
,Mil,0.0,0.0,0.0,0.75,0.0,0.1,0.15
,Myc,0.05194805194805195,0.045454545454545456,0.06493506493506493,0.006493506493506494,0.7467532467532467,0.08441558441558442,0.0
,Pse,0.04487179487179487,0.07051282051282051,0.05128205128205128,0.0,0.08974358974358974,0.7435897435897436,0.0
,Syl,0.0,0.029239766081871343,0.03508771929824561,0.08187134502923976,0.011695906432748537,0.005847953216374269,0.8362573099415205

accuracy,0.7706422018348624

,precision,recall,f1-score,support
Alt,0.8804347826086957,0.8223350253807107,0.8503937007874015,197
Big,0.75177304964539,0.7969924812030075,0.7737226277372262,133
Mac,0.6971830985915493,0.66,0.678082191780822,150
Mil,0.5,0.75,0.6,20
Myc,0.6845238095238095,0.7467532467532467,0.7142857142857143,154
Pse,0.6823529411764706,0.7435897435897436,0.7116564417177913,156
Syl,0.9794520547945206,0.8362573099415205,0.9022082018927445,171
macro avg,0.7393885337629194,0.7651325438383185,0.7471926968859571,981
weighted avg,0.7822211614939261,0.7706422018348624,0.7741498519295894,981

Iteration_4
Confusion matrix not normalized
,,Alt,Big,Mac,Mil,Myc,Pse,Syl
,Alt,160,2,13,0,14,8,0
,Big,8,100,11,1,4,9,0
,Mac,3,6,104,0,11,25,1
,Mil,0,0,3,14,0,2,1
,Myc,13,7,13,1,109,11,0
,Pse,4,14,11,0,13,114,0
,Syl,0,5,8,12,1,1,144

Confusion matrix normalized
,,Alt,Big,Mac,Mil,Myc,Pse,Syl
,Alt,0.8121827411167513,0.01015228426395939,0.06598984771573604,0.0,0.07106598984771574,0.04060913705583756,0.0
,Big,0.06015037593984962,0.7518796992481203,0.08270676691729323,0.007518796992481203,0.03007518796992481,0.06766917293233082,0.0
,Mac,0.02,0.04,0.6933333333333334,0.0,0.07333333333333333,0.16666666666666666,0.006666666666666667
,Mil,0.0,0.0,0.15,0.7,0.0,0.1,0.05
,Myc,0.08441558441558442,0.045454545454545456,0.08441558441558442,0.006493506493506494,0.7077922077922078,0.07142857142857142,0.0
,Pse,0.02564102564102564,0.08974358974358974,0.07051282051282051,0.0,0.08333333333333333,0.7307692307692307,0.0
,Syl,0.0,0.029239766081871343,0.04678362573099415,0.07017543859649122,0.005847953216374269,0.005847953216374269,0.8421052631578947

accuracy,0.7594291539245668

,precision,recall,f1-score,support
Alt,0.851063829787234,0.8121827411167513,0.8311688311688311,197
Big,0.746268656716418,0.7518796992481203,0.749063670411985,133
Mac,0.6380368098159509,0.6933333333333334,0.6645367412140576,150
Mil,0.5,0.7,0.5833333333333334,20
Myc,0.7171052631578947,0.7077922077922078,0.7124183006535946,154
Pse,0.6705882352941176,0.7307692307692307,0.6993865030674846,156
Syl,0.9863013698630136,0.8421052631578947,0.9085173501577287,171
macro avg,0.7299091663763756,0.7482946393453627,0.7354892471438593,981
weighted avg,0.7709707816131852,0.7594291539245668,0.7633905050050783,981

linear_none
Result global
Confusion matrix not normalized
,,Alt,Big,Mac,Mil,Myc,Pse,Syl
,Alt,857,15,21,2,66,26,1
,Big,19,551,35,1,13,45,1
,Mac,5,17,612,0,34,81,1
,Mil,0,0,8,66,0,17,9
,Myc,44,18,48,3,604,51,0
,Pse,25,78,50,0,50,577,0
,Syl,2,13,34,65,8,6,729

Confusion matrix normalized
,,Alt,Big,Mac,Mil,Myc,Pse,Syl
,Alt,0.8674089068825911,0.015182186234817813,0.02125506072874494,0.0020242914979757085,0.06680161943319839,0.02631578947368421,0.0010121457489878543
,Big,0.02857142857142857,0.8285714285714286,0.05263157894736842,0.0015037593984962407,0.019548872180451128,0.06766917293233082,0.0015037593984962407
,Mac,0.006666666666666667,0.02266666666666667,0.816,0.0,0.04533333333333334,0.108,0.0013333333333333333
,Mil,0.0,0.0,0.08,0.66,0.0,0.17,0.09
,Myc,0.057291666666666664,0.0234375,0.0625,0.00390625,0.7864583333333334,0.06640625,0.0
,Pse,0.03205128205128205,0.1,0.0641025641025641,0.0,0.0641025641025641,0.7397435897435898,0.0
,Syl,0.002333722287047841,0.015169194865810968,0.039673278879813305,0.07584597432905485,0.009334889148191364,0.007001166861143524,0.8506417736289381

accuracy,0.8141809290953546

,precision,recall,f1-score,support
Alt,0.9002100840336135,0.8674089068825911,0.8835051546391752,988
Big,0.796242774566474,0.8285714285714286,0.8120854826823876,665
Mac,0.7574257425742574,0.816,0.785622593068036,750
Mil,0.48175182481751827,0.66,0.5569620253164558,100
Myc,0.7793548387096774,0.7864583333333334,0.7828904731043421,768
Pse,0.7185554171855542,0.7397435897435898,0.7289955780164246,780
Syl,0.9838056680161943,0.8506417736289381,0.9123904881101376,857
macro avg,0.7739066214147555,0.7926891474514116,0.7803502564195656,4908
weighted avg,0.8225942739502858,0.8141809290953546,0.8169617295450895,4908

Iteration_0
Confusion matrix not normalized
,,Alt,Big,Mac,Mil,Myc,Pse,Syl
,Alt,171,3,3,2,15,3,1
,Big,4,103,13,0,1,11,1
,Mac,2,3,119,0,5,20,1
,Mil,0,0,0,12,0,6,2
,Myc,6,2,9,0,129,8,0
,Pse,4,15,8,0,10,119,0
,Syl,0,2,7,10,3,1,148

Confusion matrix normalized
,,Alt,Big,Mac,Mil,Myc,Pse,Syl
,Alt,0.8636363636363636,0.015151515151515152,0.015151515151515152,0.010101010101010102,0.07575757575757576,0.015151515151515152,0.005050505050505051
,Big,0.03007518796992481,0.7744360902255639,0.09774436090225563,0.0,0.007518796992481203,0.08270676691729323,0.007518796992481203
,Mac,0.013333333333333334,0.02,0.7933333333333333,0.0,0.03333333333333333,0.13333333333333333,0.006666666666666667
,Mil,0.0,0.0,0.0,0.6,0.0,0.3,0.1
,Myc,0.03896103896103896,0.012987012987012988,0.05844155844155844,0.0,0.8376623376623377,0.05194805194805195,0.0
,Pse,0.02564102564102564,0.09615384615384616,0.05128205128205128,0.0,0.0641025641025641,0.7628205128205128,0.0
,Syl,0.0,0.011695906432748537,0.04093567251461988,0.05847953216374269,0.017543859649122806,0.005847953216374269,0.8654970760233918

accuracy,0.8156822810590632

,precision,recall,f1-score,support
Alt,0.9144385026737968,0.8636363636363636,0.8883116883116884,198
Big,0.8046875,0.7744360902255639,0.7892720306513409,133
Mac,0.7484276729559748,0.7933333333333333,0.7702265372168285,150
Mil,0.5,0.6,0.5454545454545454,20
Myc,0.7914110429447853,0.8376623376623377,0.8138801261829652,154
Pse,0.7083333333333334,0.7628205128205128,0.7345679012345678,156
Syl,0.9673202614379085,0.8654970760233918,0.9135802469135803,171
macro avg,0.7763740447636855,0.7853408162430718,0.779327582280788,982
weighted avg,0.82294855121404,0.8156822810590632,0.8181815886975045,982

Iteration_1
Confusion matrix not normalized
,,Alt,Big,Mac,Mil,Myc,Pse,Syl
,Alt,179,2,6,0,7,4,0
,Big,2,115,8,0,2,6,0
,Mac,0,3,124,0,7,16,0
,Mil,0,0,0,15,0,3,2
,Myc,17,4,14,0,107,11,0
,Pse,7,18,14,0,13,104,0
,Syl,0,3,7,16,0,2,144

Confusion matrix normalized
,,Alt,Big,Mac,Mil,Myc,Pse,Syl
,Alt,0.9040404040404041,0.010101010101010102,0.030303030303030304,0.0,0.03535353535353535,0.020202020202020204,0.0
,Big,0.015037593984962405,0.8646616541353384,0.06015037593984962,0.0,0.015037593984962405,0.045112781954887216,0.0
,Mac,0.0,0.02,0.8266666666666667,0.0,0.04666666666666667,0.10666666666666667,0.0
,Mil,0.0,0.0,0.0,0.75,0.0,0.15,0.1
,Myc,0.1111111111111111,0.026143790849673203,0.0915032679738562,0.0,0.6993464052287581,0.0718954248366013,0.0
,Pse,0.04487179487179487,0.11538461538461539,0.08974358974358974,0.0,0.08333333333333333,0.6666666666666666,0.0
,Syl,0.0,0.01744186046511628,0.040697674418604654,0.09302325581395349,0.0,0.011627906976744186,0.8372093023255814

accuracy,0.8024439918533605

,precision,recall,f1-score,support
Alt,0.8731707317073171,0.9040404040404041,0.8883374689826302,198
Big,0.7931034482758621,0.8646616541353384,0.827338129496403,133
Mac,0.7167630057803468,0.8266666666666667,0.7678018575851393,150
Mil,0.4838709677419355,0.75,0.5882352941176471,20
Myc,0.7867647058823529,0.6993464052287581,0.7404844290657439,153
Pse,0.7123287671232876,0.6666666666666666,0.6887417218543046,156
Syl,0.9863013698630136,0.8372093023255814,0.9056603773584905,172
macro avg,0.7646147137677308,0.7926558712947737,0.772371325494337,982
weighted avg,0.8113081028597763,0.8024439918533605,0.8038423480282046,982

Iteration_2
Confusion matrix not normalized
,,Alt,Big,Mac,Mil,Myc,Pse,Syl
,Alt,173,2,5,0,10,8,0
,Big,4,117,1,0,6,5,0
,Mac,0,3,124,0,7,16,0
,Mil,0,0,4,10,0,5,1
,Myc,5,4,9,0,126,9,0
,Pse,4,21,9,0,9,113,0
,Syl,1,0,8,13,2,2,146

Confusion matrix normalized
,,Alt,Big,Mac,Mil,Myc,Pse,Syl
,Alt,0.8737373737373737,0.010101010101010102,0.025252525252525252,0.0,0.050505050505050504,0.04040404040404041,0.0
,Big,0.03007518796992481,0.8796992481203008,0.007518796992481203,0.0,0.045112781954887216,0.03759398496240601,0.0
,Mac,0.0,0.02,0.8266666666666667,0.0,0.04666666666666667,0.10666666666666667,0.0
,Mil,0.0,0.0,0.2,0.5,0.0,0.25,0.05
,Myc,0.032679738562091505,0.026143790849673203,0.058823529411764705,0.0,0.8235294117647058,0.058823529411764705,0.0
,Pse,0.02564102564102564,0.1346153846153846,0.057692307692307696,0.0,0.057692307692307696,0.7243589743589743,0.0
,Syl,0.005813953488372093,0.0,0.046511627906976744,0.0755813953488372,0.011627906976744186,0.011627906976744186,0.8488372093023255

accuracy,0.8238289205702648

,precision,recall,f1-score,support
Alt,0.9251336898395722,0.8737373737373737,0.8987012987012987,198
Big,0.7959183673469388,0.8796992481203008,0.8357142857142857,133
Mac,0.775,0.8266666666666667,0.8000000000000002,150
Mil,0.43478260869565216,0.5,0.46511627906976744,20
Myc,0.7875,0.8235294117647058,0.805111821086262,153
Pse,0.7151898734177216,0.7243589743589743,0.7197452229299364,156
Syl,0.9931972789115646,0.8488372093023255,0.9153605015673981,172
macro avg,0.775245974030207,0.782404126278621,0.7771070584384212,982
weighted avg,0.8318394275409826,0.8238289205702648,0.8261706236223147,982

Iteration_3
Confusion matrix not normalized
,,Alt,Big,Mac,Mil,Myc,Pse,Syl
,Alt,163,7,2,0,20,5,0
,Big,2,110,6,0,0,15,0
,Mac,2,4,125,0,10,9,0
,Mil,0,0,1,15,0,1,3
,Myc,7,6,5,1,121,14,0
,Pse,6,12,12,0,8,118,0
,Syl,0,4,5,13,2,0,147

Confusion matrix normalized
,,Alt,Big,Mac,Mil,Myc,Pse,Syl
,Alt,0.8274111675126904,0.03553299492385787,0.01015228426395939,0.0,0.10152284263959391,0.025380710659898477,0.0
,Big,0.015037593984962405,0.8270676691729323,0.045112781954887216,0.0,0.0,0.11278195488721804,0.0
,Mac,0.013333333333333334,0.02666666666666667,0.8333333333333334,0.0,0.06666666666666667,0.06,0.0
,Mil,0.0,0.0,0.05,0.75,0.0,0.05,0.15
,Myc,0.045454545454545456,0.03896103896103896,0.032467532467532464,0.006493506493506494,0.7857142857142857,0.09090909090909091,0.0
,Pse,0.038461538461538464,0.07692307692307693,0.07692307692307693,0.0,0.05128205128205128,0.7564102564102564,0.0
,Syl,0.0,0.023391812865497075,0.029239766081871343,0.07602339181286549,0.011695906432748537,0.0,0.8596491228070176

accuracy,0.8144750254841998

,precision,recall,f1-score,support
Alt,0.9055555555555556,0.8274111675126904,0.8647214854111407,197
Big,0.7692307692307693,0.8270676691729323,0.7971014492753623,133
Mac,0.8012820512820513,0.8333333333333334,0.8169934640522877,150
Mil,0.5172413793103449,0.75,0.6122448979591838,20
Myc,0.7515527950310559,0.7857142857142857,0.7682539682539682,154
Pse,0.7283950617283951,0.7564102564102564,0.7421383647798742,156
Syl,0.98,0.8596491228070176,0.9158878504672898,171
macro avg,0.7790368017340246,0.8056551192786452,0.7881916400284439,981
weighted avg,0.8238410113099527,0.8144750254841998,0.8173904805232649,981

Iteration_4
Confusion matrix not normalized
,,Alt,Big,Mac,Mil,Myc,Pse,Syl
,Alt,171,1,5,0,14,6,0
,Big,7,106,7,1,4,8,0
,Mac,1,4,120,0,5,20,0
,Mil,0,0,3,14,0,2,1
,Myc,9,2,11,2,121,9,0
,Pse,4,12,7,0,10,123,0
,Syl,1,4,7,13,1,1,144

Confusion matrix normalized
,,Alt,Big,Mac,Mil,Myc,Pse,Syl
,Alt,0.868020304568528,0.005076142131979695,0.025380710659898477,0.0,0.07106598984771574,0.030456852791878174,0.0
,Big,0.05263157894736842,0.7969924812030075,0.05263157894736842,0.007518796992481203,0.03007518796992481,0.06015037593984962,0.0
,Mac,0.006666666666666667,0.02666666666666667,0.8,0.0,0.03333333333333333,0.13333333333333333,0.0
,Mil,0.0,0.0,0.15,0.7,0.0,0.1,0.05
,Myc,0.05844155844155844,0.012987012987012988,0.07142857142857142,0.012987012987012988,0.7857142857142857,0.05844155844155844,0.0
,Pse,0.02564102564102564,0.07692307692307693,0.04487179487179487,0.0,0.0641025641025641,0.7884615384615384,0.0
,Syl,0.005847953216374269,0.023391812865497075,0.04093567251461988,0.07602339181286549,0.005847953216374269,0.005847953216374269,0.8421052631578947

accuracy,0.8144750254841998

,precision,recall,f1-score,support
Alt,0.8860103626943006,0.868020304568528,0.876923076923077,197
Big,0.8217054263565892,0.7969924812030075,0.8091603053435114,133
Mac,0.75,0.8,0.7741935483870969,150
Mil,0.4666666666666667,0.7,0.56,20
Myc,0.7806451612903226,0.7857142857142857,0.7831715210355987,154
Pse,0.727810650887574,0.7884615384615384,0.7569230769230769,156
Syl,0.993103448275862,0.8421052631578947,0.9113924050632911,171
macro avg,0.7751345308816165,0.7973276961578935,0.7816805619536645,981
weighted avg,0.8249161085849954,0.8144750254841998,0.8177754480406755,981

quatra
Result global
Confusion matrix not normalized
,,Alt,Big,Mac,Mil,Myc,Pse,Syl
,Alt,882,23,15,0,42,20,6
,Big,34,496,46,0,26,36,27
,Mac,25,41,579,0,48,44,13
,Mil,7,0,20,0,6,8,59
,Myc,80,19,57,0,559,46,7
,Pse,38,69,153,0,52,446,22
,Syl,22,16,23,0,5,2,789

Confusion matrix normalized
,,Alt,Big,Mac,Mil,Myc,Pse,Syl
,Alt,0.8927125506072875,0.02327935222672065,0.015182186234817813,0.0,0.04251012145748988,0.020242914979757085,0.006072874493927126
,Big,0.05112781954887218,0.7458646616541353,0.06917293233082707,0.0,0.039097744360902256,0.05413533834586466,0.0406015037593985
,Mac,0.03333333333333333,0.05466666666666667,0.772,0.0,0.064,0.058666666666666666,0.017333333333333333
,Mil,0.07,0.0,0.2,0.0,0.06,0.08,0.59
,Myc,0.10416666666666667,0.024739583333333332,0.07421875,0.0,0.7278645833333334,0.059895833333333336,0.009114583333333334
,Pse,0.04871794871794872,0.08846153846153847,0.19615384615384615,0.0,0.06666666666666667,0.5717948717948718,0.028205128205128206
,Syl,0.025670945157526253,0.01866977829638273,0.026837806301050177,0.0,0.005834305717619603,0.002333722287047841,0.9206534422403734

accuracy,0.7642624286878565

,precision,recall,f1-score,support
Alt,0.8106617647058824,0.8927125506072875,0.8497109826589595,988
Big,0.7469879518072289,0.7458646616541353,0.7464258841234012,665
Mac,0.6483762597984323,0.772,0.7048082775410835,750
Mil,0.0,0.0,0.0,100
Myc,0.7574525745257452,0.7278645833333334,0.7423638778220452,768
Pse,0.7408637873754153,0.5717948717948718,0.6454413892908827,780
Syl,0.8548212351029253,0.9206534422403734,0.8865168539325843,857
macro avg,0.6513090819022328,0.6615557299471432,0.6536096093384224,4908
weighted avg,0.7490102152000502,0.7642624286878565,0.7534267639770517,4908

Iteration_0
Confusion matrix not normalized
,,Alt,Big,Mac,Mil,Myc,Pse,Syl
,Alt,180,3,2,0,11,1,1
,Big,5,97,12,0,6,3,10
,Mac,8,9,119,0,7,5,2
,Mil,0,0,2,0,1,3,14
,Myc,8,5,14,0,126,0,1
,Pse,8,16,55,0,16,59,2
,Syl,3,2,1,0,2,0,163

Confusion matrix normalized
,,Alt,Big,Mac,Mil,Myc,Pse,Syl
,Alt,0.9090909090909091,0.015151515151515152,0.010101010101010102,0.0,0.05555555555555555,0.005050505050505051,0.005050505050505051
,Big,0.03759398496240601,0.7293233082706767,0.09022556390977443,0.0,0.045112781954887216,0.022556390977443608,0.07518796992481203
,Mac,0.05333333333333334,0.06,0.7933333333333333,0.0,0.04666666666666667,0.03333333333333333,0.013333333333333334
,Mil,0.0,0.0,0.1,0.0,0.05,0.15,0.7
,Myc,0.05194805194805195,0.032467532467532464,0.09090909090909091,0.0,0.8181818181818182,0.0,0.006493506493506494
,Pse,0.05128205128205128,0.10256410256410256,0.3525641025641026,0.0,0.10256410256410256,0.3782051282051282,0.01282051282051282
,Syl,0.017543859649122806,0.011695906432748537,0.005847953216374269,0.0,0.011695906432748537,0.0,0.9532163742690059

accuracy,0.7576374745417516

,precision,recall,f1-score,support
Alt,0.8490566037735849,0.9090909090909091,0.8780487804878049,198
Big,0.7348484848484849,0.7293233082706767,0.7320754716981133,133
Mac,0.5804878048780487,0.7933333333333333,0.6704225352112676,150
Mil,0.0,0.0,0.0,20
Myc,0.7455621301775148,0.8181818181818182,0.7801857585139319,154
Pse,0.8309859154929577,0.3782051282051282,0.5198237885462555,156
Syl,0.844559585492228,0.9532163742690059,0.8956043956043956,171
macro avg,0.6550715035232599,0.6544786959072673,0.639451532865967,982
weighted avg,0.7553882757099137,0.7576374745417516,0.7394832444265149,982

Iteration_1
Confusion matrix not normalized
,,Alt,Big,Mac,Mil,Myc,Pse,Syl
,Alt,179,4,2,0,6,6,1
,Big,6,101,5,0,4,13,4
,Mac,4,9,105,0,12,17,3
,Mil,0,0,2,0,2,2,14
,Myc,29,3,10,0,86,22,3
,Pse,12,9,8,0,10,111,6
,Syl,3,1,5,0,1,0,162

Confusion matrix normalized
,,Alt,Big,Mac,Mil,Myc,Pse,Syl
,Alt,0.9040404040404041,0.020202020202020204,0.010101010101010102,0.0,0.030303030303030304,0.030303030303030304,0.005050505050505051
,Big,0.045112781954887216,0.7593984962406015,0.03759398496240601,0.0,0.03007518796992481,0.09774436090225563,0.03007518796992481
,Mac,0.02666666666666667,0.06,0.7,0.0,0.08,0.11333333333333333,0.02
,Mil,0.0,0.0,0.1,0.0,0.1,0.1,0.7
,Myc,0.1895424836601307,0.0196078431372549,0.06535947712418301,0.0,0.5620915032679739,0.1437908496732026,0.0196078431372549
,Pse,0.07692307692307693,0.057692307692307696,0.05128205128205128,0.0,0.0641025641025641,0.7115384615384616,0.038461538461538464
,Syl,0.01744186046511628,0.005813953488372093,0.029069767441860465,0.0,0.005813953488372093,0.0,0.9418604651162791

accuracy,0.7576374745417516

,precision,recall,f1-score,support
Alt,0.7682403433476395,0.9040404040404041,0.8306264501160092,198
Big,0.7952755905511811,0.7593984962406015,0.776923076923077,133
Mac,0.7664233576642335,0.7,0.7317073170731707,150
Mil,0.0,0.0,0.0,20
Myc,0.7107438016528925,0.5620915032679739,0.6277372262773722,153
Pse,0.6491228070175439,0.7115384615384616,0.6788990825688075,156
Syl,0.8393782383419689,0.9418604651162791,0.8876712328767123,172
macro avg,0.6470263055107799,0.6541327614576743,0.6476520551193071,982
weighted avg,0.7405567838271108,0.7576374745417516,0.7456032672817526,982

Iteration_2
Confusion matrix not normalized
,,Alt,Big,Mac,Mil,Myc,Pse,Syl
,Alt,178,7,1,0,5,4,3
,Big,9,104,8,0,5,4,3
,Mac,4,6,122,0,5,10,3
,Mil,2,0,6,0,1,1,10
,Myc,11,5,8,0,123,5,1
,Pse,3,21,26,0,11,91,4
,Syl,7,6,4,0,1,2,152

Confusion matrix normalized
,,Alt,Big,Mac,Mil,Myc,Pse,Syl
,Alt,0.898989898989899,0.03535353535353535,0.005050505050505051,0.0,0.025252525252525252,0.020202020202020204,0.015151515151515152
,Big,0.06766917293233082,0.7819548872180451,0.06015037593984962,0.0,0.03759398496240601,0.03007518796992481,0.022556390977443608
,Mac,0.02666666666666667,0.04,0.8133333333333334,0.0,0.03333333333333333,0.06666666666666667,0.02
,Mil,0.1,0.0,0.3,0.0,0.05,0.05,0.5
,Myc,0.0718954248366013,0.032679738562091505,0.05228758169934641,0.0,0.803921568627451,0.032679738562091505,0.006535947712418301
,Pse,0.019230769230769232,0.1346153846153846,0.16666666666666666,0.0,0.07051282051282051,0.5833333333333334,0.02564102564102564
,Syl,0.040697674418604654,0.03488372093023256,0.023255813953488372,0.0,0.005813953488372093,0.011627906976744186,0.8837209302325582

accuracy,0.7841140529531568

,precision,recall,f1-score,support
Alt,0.8317757009345794,0.898989898989899,0.8640776699029127,198
Big,0.697986577181208,0.7819548872180451,0.7375886524822695,133
Mac,0.6971428571428572,0.8133333333333334,0.7507692307692309,150
Mil,0.0,0.0,0.0,20
Myc,0.8145695364238411,0.803921568627451,0.8092105263157895,153
Pse,0.7777777777777778,0.5833333333333334,0.6666666666666666,156
Syl,0.8636363636363636,0.8837209302325582,0.8735632183908046,172
macro avg,0.668984116156661,0.6807505645335172,0.6716965663610962,982
weighted avg,0.7704716487507246,0.7841140529531568,0.7737924013501399,982

Iteration_3
Confusion matrix not normalized
,,Alt,Big,Mac,Mil,Myc,Pse,Syl
,Alt,177,7,3,0,9,1,0
,Big,6,100,7,0,5,11,4
,Mac,6,12,109,0,15,8,0
,Mil,5,0,2,0,0,1,12
,Myc,16,5,11,0,106,14,2
,Pse,7,16,27,0,4,98,4
,Syl,4,5,5,0,0,0,157

Confusion matrix normalized
,,Alt,Big,Mac,Mil,Myc,Pse,Syl
,Alt,0.8984771573604061,0.03553299492385787,0.015228426395939087,0.0,0.04568527918781726,0.005076142131979695,0.0
,Big,0.045112781954887216,0.7518796992481203,0.05263157894736842,0.0,0.03759398496240601,0.08270676691729323,0.03007518796992481
,Mac,0.04,0.08,0.7266666666666667,0.0,0.1,0.05333333333333334,0.0
,Mil,0.25,0.0,0.1,0.0,0.0,0.05,0.6
,Myc,0.1038961038961039,0.032467532467532464,0.07142857142857142,0.0,0.6883116883116883,0.09090909090909091,0.012987012987012988
,Pse,0.04487179487179487,0.10256410256410256,0.17307692307692307,0.0,0.02564102564102564,0.6282051282051282,0.02564102564102564
,Syl,0.023391812865497075,0.029239766081871343,0.029239766081871343,0.0,0.0,0.0,0.9181286549707602

accuracy,0.7614678899082569

,precision,recall,f1-score,support
Alt,0.8009049773755657,0.8984771573604061,0.8468899521531101,197
Big,0.6896551724137931,0.7518796992481203,0.7194244604316546,133
Mac,0.6646341463414634,0.7266666666666667,0.694267515923567,150
Mil,0.0,0.0,0.0,20
Myc,0.762589928057554,0.6883116883116883,0.7235494880546075,154
Pse,0.7368421052631579,0.6282051282051282,0.6782006920415224,156
Syl,0.8770949720670391,0.9181286549707602,0.8971428571428571,171
macro avg,0.6473887573597963,0.6588098563946814,0.6513535665353312,981
weighted avg,0.7457359816418145,0.7614678899082569,0.7515782455559872,981

Iteration_4
Confusion matrix not normalized
,,Alt,Big,Mac,Mil,Myc,Pse,Syl
,Alt,168,2,7,0,11,8,1
,Big,8,94,14,0,6,5,6
,Mac,3,5,124,0,9,4,5
,Mil,0,0,8,0,2,1,9
,Myc,16,1,14,0,118,5,0
,Pse,8,7,37,0,11,87,6
,Syl,5,2,8,0,1,0,155

Confusion matrix normalized
,,Alt,Big,Mac,Mil,Myc,Pse,Syl
,Alt,0.8527918781725888,0.01015228426395939,0.03553299492385787,0.0,0.05583756345177665,0.04060913705583756,0.005076142131979695
,Big,0.06015037593984962,0.706766917293233,0.10526315789473684,0.0,0.045112781954887216,0.03759398496240601,0.045112781954887216
,Mac,0.02,0.03333333333333333,0.8266666666666667,0.0,0.06,0.02666666666666667,0.03333333333333333
,Mil,0.0,0.0,0.4,0.0,0.1,0.05,0.45
,Myc,0.1038961038961039,0.006493506493506494,0.09090909090909091,0.0,0.7662337662337663,0.032467532467532464,0.0
,Pse,0.05128205128205128,0.04487179487179487,0.23717948717948717,0.0,0.07051282051282051,0.5576923076923077,0.038461538461538464
,Syl,0.029239766081871343,0.011695906432748537,0.04678362573099415,0.0,0.005847953216374269,0.0,0.9064327485380117

accuracy,0.7604485219164119

,precision,recall,f1-score,support
Alt,0.8076923076923077,0.8527918781725888,0.8296296296296295,197
Big,0.8468468468468469,0.706766917293233,0.7704918032786884,133
Mac,0.5849056603773585,0.8266666666666667,0.6850828729281767,150
Mil,0.0,0.0,0.0,20
Myc,0.7468354430379747,0.7662337662337663,0.7564102564102563,154
Pse,0.7909090909090909,0.5576923076923077,0.6541353383458648,156
Syl,0.8516483516483516,0.9064327485380117,0.8781869688385268,171
macro avg,0.6612625286445615,0.6595120406566535,0.6534195527758776,981
weighted avg,0.7579084697697792,0.7604485219164119,0.7516586562210515,981

svc
Result global
Confusion matrix not normalized
,,Alt,Big,Mac,Mil,Myc,Pse,Syl
,Alt,820,2,25,0,70,5,66
,Big,250,192,40,0,49,81,53
,Mac,112,61,255,0,160,117,45
,Mil,10,0,5,0,3,0,82
,Myc,163,2,82,0,496,21,4
,Pse,157,91,81,0,92,348,11
,Syl,36,6,11,0,4,0,800

Confusion matrix normalized
,,Alt,Big,Mac,Mil,Myc,Pse,Syl
,Alt,0.8299595141700404,0.0020242914979757085,0.025303643724696356,0.0,0.0708502024291498,0.005060728744939271,0.06680161943319839
,Big,0.37593984962406013,0.2887218045112782,0.06015037593984962,0.0,0.07368421052631578,0.12180451127819548,0.07969924812030076
,Mac,0.14933333333333335,0.08133333333333333,0.34,0.0,0.21333333333333335,0.156,0.06
,Mil,0.1,0.0,0.05,0.0,0.03,0.0,0.82
,Myc,0.21223958333333334,0.0026041666666666665,0.10677083333333333,0.0,0.6458333333333334,0.02734375,0.005208333333333333
,Pse,0.2012820512820513,0.11666666666666667,0.10384615384615385,0.0,0.11794871794871795,0.4461538461538462,0.014102564102564103
,Syl,0.042007001166861145,0.007001166861143524,0.012835472578763127,0.0,0.004667444574095682,0.0,0.9334889148191365

accuracy,0.5931132844335778

,precision,recall,f1-score,support
Alt,0.5297157622739018,0.8299595141700404,0.6466876971608834,988
Big,0.5423728813559322,0.2887218045112782,0.3768400392541708,665
Mac,0.5110220440881763,0.34,0.40832666132906326,750
Mil,0.0,0.0,0.0,100
Myc,0.5675057208237986,0.6458333333333334,0.6041412911084043,768
Pse,0.6083916083916084,0.4461538461538462,0.514792899408284,780
Syl,0.7540056550424128,0.9334889148191365,0.8342022940563086,857
macro avg,0.5018590959965471,0.49773677328394783,0.483570126045302,4908
weighted avg,0.5753619329266344,0.5931132844335778,0.5656482082338521,4908

Iteration_0
Confusion matrix not normalized
,,Alt,Big,Mac,Mil,Myc,Pse,Syl
,Alt,166,0,5,0,14,0,13
,Big,51,33,10,0,11,18,10
,Mac,22,14,40,0,37,27,10
,Mil,2,0,1,0,1,0,16
,Myc,20,2,18,0,108,6,0
,Pse,28,14,19,0,19,74,2
,Syl,5,2,0,0,2,0,162

Confusion matrix normalized
,,Alt,Big,Mac,Mil,Myc,Pse,Syl
,Alt,0.8383838383838383,0.0,0.025252525252525252,0.0,0.0707070707070707,0.0,0.06565656565656566
,Big,0.38345864661654133,0.24812030075187969,0.07518796992481203,0.0,0.08270676691729323,0.13533834586466165,0.07518796992481203
,Mac,0.14666666666666667,0.09333333333333334,0.26666666666666666,0.0,0.24666666666666667,0.18,0.06666666666666667
,Mil,0.1,0.0,0.05,0.0,0.05,0.0,0.8
,Myc,0.12987012987012986,0.012987012987012988,0.11688311688311688,0.0,0.7012987012987013,0.03896103896103896,0.0
,Pse,0.1794871794871795,0.08974358974358974,0.12179487179487179,0.0,0.12179487179487179,0.47435897435897434,0.01282051282051282
,Syl,0.029239766081871343,0.011695906432748537,0.0,0.0,0.011695906432748537,0.0,0.9473684210526315

accuracy,0.5936863543788188

,precision,recall,f1-score,support
Alt,0.564625850340136,0.8383838383838383,0.6747967479674797,198
Big,0.5076923076923077,0.24812030075187969,0.33333333333333326,133
Mac,0.43010752688172044,0.26666666666666666,0.3292181069958848,150
Mil,0.0,0.0,0.0,20
Myc,0.5625,0.7012987012987013,0.6242774566473989,154
Pse,0.592,0.47435897435897434,0.5266903914590747,156
Syl,0.7605633802816901,0.9473684210526315,0.8437499999999999,171
macro avg,0.48821272359940776,0.49659955750181306,0.4760094337718816,982
weighted avg,0.5630025074855916,0.5936863543788188,0.5599892921299309,982

Iteration_1
Confusion matrix not normalized
,,Alt,Big,Mac,Mil,Myc,Pse,Syl
,Alt,166,0,5,0,11,2,14
,Big,46,49,7,0,3,15,13
,Mac,25,9,60,0,32,18,6
,Mil,2,0,1,0,0,0,17
,Myc,48,0,23,0,76,4,2
,Pse,33,15,21,0,18,67,2
,Syl,7,0,3,0,0,0,162

Confusion matrix normalized
,,Alt,Big,Mac,Mil,Myc,Pse,Syl
,Alt,0.8383838383838383,0.0,0.025252525252525252,0.0,0.05555555555555555,0.010101010101010102,0.0707070707070707
,Big,0.3458646616541353,0.3684210526315789,0.05263157894736842,0.0,0.022556390977443608,0.11278195488721804,0.09774436090225563
,Mac,0.16666666666666666,0.06,0.4,0.0,0.21333333333333335,0.12,0.04
,Mil,0.1,0.0,0.05,0.0,0.0,0.0,0.85
,Myc,0.3137254901960784,0.0,0.1503267973856209,0.0,0.49673202614379086,0.026143790849673203,0.013071895424836602
,Pse,0.21153846153846154,0.09615384615384616,0.1346153846153846,0.0,0.11538461538461539,0.42948717948717946,0.01282051282051282
,Syl,0.040697674418604654,0.0,0.01744186046511628,0.0,0.0,0.0,0.9418604651162791

accuracy,0.5906313645621182

,precision,recall,f1-score,support
Alt,0.5076452599388379,0.8383838383838383,0.6323809523809524,198
Big,0.6712328767123288,0.3684210526315789,0.4757281553398058,133
Mac,0.5,0.4,0.4444444444444445,150
Mil,0.0,0.0,0.0,20
Myc,0.5428571428571428,0.49673202614379086,0.5187713310580205,153
Pse,0.6320754716981132,0.42948717948717946,0.5114503816793893,156
Syl,0.75,0.9418604651162791,0.8350515463917527,172
macro avg,0.5148301073152032,0.4964120802518095,0.4882609730420522,982
weighted avg,0.5859965891167802,0.5906313645621182,0.568164031641072,982

Iteration_2
Confusion matrix not normalized
,,Alt,Big,Mac,Mil,Myc,Pse,Syl
,Alt,169,1,1,0,12,1,14
,Big,48,43,7,0,9,18,8
,Mac,26,11,48,0,31,27,7
,Mil,3,0,1,0,2,0,14
,Myc,37,0,11,0,101,4,0
,Pse,27,21,14,0,20,69,5
,Syl,9,1,1,0,2,0,159

Confusion matrix normalized
,,Alt,Big,Mac,Mil,Myc,Pse,Syl
,Alt,0.8535353535353535,0.005050505050505051,0.005050505050505051,0.0,0.06060606060606061,0.005050505050505051,0.0707070707070707
,Big,0.3609022556390977,0.3233082706766917,0.05263157894736842,0.0,0.06766917293233082,0.13533834586466165,0.06015037593984962
,Mac,0.17333333333333334,0.07333333333333333,0.32,0.0,0.20666666666666667,0.18,0.04666666666666667
,Mil,0.15,0.0,0.05,0.0,0.1,0.0,0.7
,Myc,0.24183006535947713,0.0,0.0718954248366013,0.0,0.6601307189542484,0.026143790849673203,0.0
,Pse,0.17307692307692307,0.1346153846153846,0.08974358974358974,0.0,0.1282051282051282,0.4423076923076923,0.03205128205128205
,Syl,0.05232558139534884,0.005813953488372093,0.005813953488372093,0.0,0.011627906976744186,0.0,0.9244186046511628

accuracy,0.59979633401222

,precision,recall,f1-score,support
Alt,0.5297805642633229,0.8535353535353535,0.6537717601547389,198
Big,0.5584415584415584,0.3233082706766917,0.40952380952380946,133
Mac,0.5783132530120482,0.32,0.4120171673819743,150
Mil,0.0,0.0,0.0,20
Myc,0.5706214689265536,0.6601307189542484,0.6121212121212122,153
Pse,0.5798319327731093,0.4423076923076923,0.5018181818181819,156
Syl,0.7681159420289855,0.9244186046511628,0.8390501319261213,172
macro avg,0.512157817063654,0.5033858057321641,0.48975746613229115,982
weighted avg,0.5863452904643845,0.59979633401222,0.5722717462261465,982

Iteration_3
Confusion matrix not normalized
,,Alt,Big,Mac,Mil,Myc,Pse,Syl
,Alt,157,1,4,0,19,1,15
,Big,53,29,10,0,13,18,10
,Mac,19,12,52,0,30,26,11
,Mil,0,0,1,0,0,0,19
,Myc,31,0,11,0,107,4,1
,Pse,38,14,15,0,19,70,0
,Syl,9,1,2,0,0,0,159

Confusion matrix normalized
,,Alt,Big,Mac,Mil,Myc,Pse,Syl
,Alt,0.7969543147208121,0.005076142131979695,0.02030456852791878,0.0,0.09644670050761421,0.005076142131979695,0.07614213197969544
,Big,0.39849624060150374,0.21804511278195488,0.07518796992481203,0.0,0.09774436090225563,0.13533834586466165,0.07518796992481203
,Mac,0.12666666666666668,0.08,0.3466666666666667,0.0,0.2,0.17333333333333334,0.07333333333333333
,Mil,0.0,0.0,0.05,0.0,0.0,0.0,0.95
,Myc,0.2012987012987013,0.0,0.07142857142857142,0.0,0.6948051948051948,0.025974025974025976,0.006493506493506494
,Pse,0.24358974358974358,0.08974358974358974,0.09615384615384616,0.0,0.12179487179487179,0.44871794871794873,0.0
,Syl,0.05263157894736842,0.005847953216374269,0.011695906432748537,0.0,0.0,0.0,0.9298245614035088

accuracy,0.5851172273190621

,precision,recall,f1-score,support
Alt,0.511400651465798,0.7969543147208121,0.6230158730158729,197
Big,0.5087719298245614,0.21804511278195488,0.3052631578947368,133
Mac,0.5473684210526316,0.3466666666666667,0.42448979591836733,150
Mil,0.0,0.0,0.0,20
Myc,0.5691489361702128,0.6948051948051948,0.6257309941520468,154
Pse,0.5882352941176471,0.44871794871794873,0.509090909090909,156
Syl,0.7395348837209302,0.9298245614035088,0.8238341968911918,171
macro avg,0.49492287376454014,0.49071625701372656,0.47306070385187493,981
weighted avg,0.5671681603793766,0.5851172273190621,0.5541936788561395,981

Iteration_4
Confusion matrix not normalized
,,Alt,Big,Mac,Mil,Myc,Pse,Syl
,Alt,162,0,10,0,14,1,10
,Big,52,38,6,0,13,12,12
,Mac,20,15,55,0,30,19,11
,Mil,3,0,1,0,0,0,16
,Myc,27,0,19,0,104,3,1
,Pse,31,27,12,0,16,68,2
,Syl,6,2,5,0,0,0,158

Confusion matrix normalized
,,Alt,Big,Mac,Mil,Myc,Pse,Syl
,Alt,0.8223350253807107,0.0,0.050761421319796954,0.0,0.07106598984771574,0.005076142131979695,0.050761421319796954
,Big,0.39097744360902253,0.2857142857142857,0.045112781954887216,0.0,0.09774436090225563,0.09022556390977443,0.09022556390977443
,Mac,0.13333333333333333,0.1,0.36666666666666664,0.0,0.2,0.12666666666666668,0.07333333333333333
,Mil,0.15,0.0,0.05,0.0,0.0,0.0,0.8
,Myc,0.17532467532467533,0.0,0.12337662337662338,0.0,0.6753246753246753,0.01948051948051948,0.006493506493506494
,Pse,0.1987179487179487,0.17307692307692307,0.07692307692307693,0.0,0.10256410256410256,0.4358974358974359,0.01282051282051282
,Syl,0.03508771929824561,0.011695906432748537,0.029239766081871343,0.0,0.0,0.0,0.9239766081871345

accuracy,0.5963302752293578

,precision,recall,f1-score,support
Alt,0.5382059800664452,0.8223350253807107,0.6506024096385542,197
Big,0.4634146341463415,0.2857142857142857,0.3534883720930232,133
