B3_B3
Confusion matrix not normalized
,,Alt,Big,Mac,Mil,Myc,Pse,Syl
,Alt,471,9,1,0,3,9,1
,Big,13,271,6,0,11,29,2
,Mac,5,8,312,1,17,28,4
,Mil,0,0,1,48,0,1,0
,Myc,13,3,13,0,344,11,0
,Pse,6,16,12,0,8,347,1
,Syl,3,1,3,1,2,4,414

Confusion matrix normalized
,,Alt,Big,Mac,Mil,Myc,Pse,Syl
,Alt,0.9534412955465587,0.018218623481781375,0.0020242914979757085,0.0,0.006072874493927126,0.018218623481781375,0.0020242914979757085
,Big,0.0391566265060241,0.8162650602409639,0.018072289156626505,0.0,0.03313253012048193,0.08734939759036145,0.006024096385542169
,Mac,0.013333333333333334,0.021333333333333333,0.832,0.0026666666666666666,0.04533333333333334,0.07466666666666667,0.010666666666666666
,Mil,0.0,0.0,0.02,0.96,0.0,0.02,0.0
,Myc,0.033854166666666664,0.0078125,0.033854166666666664,0.0,0.8958333333333334,0.028645833333333332,0.0
,Pse,0.015384615384615385,0.041025641025641026,0.03076923076923077,0.0,0.020512820512820513,0.8897435897435897,0.002564102564102564
,Syl,0.007009345794392523,0.002336448598130841,0.007009345794392523,0.002336448598130841,0.004672897196261682,0.009345794392523364,0.9672897196261683

accuracy,0.8997146351406441

,precision,recall,f1-score,support
Alt,0.9217221135029354,0.9534412955465587,0.9373134328358209,494
Big,0.8798701298701299,0.8162650602409639,0.846875,332
Mac,0.896551724137931,0.832,0.8630705394190871,375
Mil,0.96,0.96,0.96,50
Myc,0.8935064935064935,0.8958333333333334,0.894668400520156,384
Pse,0.8088578088578089,0.8897435897435897,0.8473748473748474,390
Syl,0.981042654028436,0.9672897196261683,0.9741176470588236,428
macro avg,0.9059358462719622,0.9020818569272305,0.9033456953155337,2453
weighted avg,0.9009791270380215,0.8997146351406441,0.8996322859030411,2453

B3_B4
Confusion matrix not normalized
,,Alt,Big,Mac,Mil,Myc,Pse,Syl
,Alt,110,49,1,1,23,78,232
,Big,0,31,1,0,16,89,195
,Mac,0,0,11,1,12,109,242
,Mil,0,0,0,1,0,0,49
,Myc,4,2,0,0,135,60,183
,Pse,1,1,0,0,1,158,229
,Syl,0,0,0,0,0,0,428

Confusion matrix normalized
,,Alt,Big,Mac,Mil,Myc,Pse,Syl
,Alt,0.22267206477732793,0.09919028340080972,0.0020242914979757085,0.0020242914979757085,0.0465587044534413,0.15789473684210525,0.46963562753036436
,Big,0.0,0.09337349397590361,0.0030120481927710845,0.0,0.04819277108433735,0.2680722891566265,0.5873493975903614
,Mac,0.0,0.0,0.029333333333333333,0.0026666666666666666,0.032,0.2906666666666667,0.6453333333333333
,Mil,0.0,0.0,0.0,0.02,0.0,0.0,0.98
,Myc,0.010416666666666666,0.005208333333333333,0.0,0.0,0.3515625,0.15625,0.4765625
,Pse,0.002564102564102564,0.002564102564102564,0.0,0.0,0.002564102564102564,0.40512820512820513,0.5871794871794872
,Syl,0.0,0.0,0.0,0.0,0.0,0.0,1.0

accuracy,0.3562984101100693

,precision,recall,f1-score,support
Alt,0.9565217391304348,0.22267206477732793,0.361247947454844,494
Big,0.37349397590361444,0.09337349397590361,0.1493975903614458,332
Mac,0.8461538461538461,0.029333333333333333,0.05670103092783505,375
Mil,0.3333333333333333,0.02,0.03773584905660377,50
Myc,0.7219251336898396,0.3515625,0.47285464098073554,384
Pse,0.31983805668016196,0.40512820512820513,0.35746606334841635,390
Syl,0.27471116816431324,1.0,0.4310171198388721,428
macro avg,0.5465681790079348,0.30315279960211,0.2666314631383932,2453
weighted avg,0.5911245705345622,0.3562984101100693,0.30846695443415545,2453

B3_B5
Confusion matrix not normalized
,,Alt,Big,Mac,Mil,Myc,Pse,Syl
,Alt,29,15,3,1,15,283,148
,Big,0,27,0,0,7,184,114
,Mac,0,0,32,0,7,169,167
,Mil,0,0,0,1,0,4,45
,Myc,0,3,3,0,93,175,110
,Pse,0,1,0,0,0,268,121
,Syl,0,0,0,0,0,0,428

Confusion matrix normalized
,,Alt,Big,Mac,Mil,Myc,Pse,Syl
,Alt,0.058704453441295545,0.030364372469635626,0.006072874493927126,0.0020242914979757085,0.030364372469635626,0.5728744939271255,0.29959514170040485
,Big,0.0,0.08132530120481928,0.0,0.0,0.02108433734939759,0.5542168674698795,0.3433734939759036
,Mac,0.0,0.0,0.08533333333333333,0.0,0.018666666666666668,0.45066666666666666,0.44533333333333336
,Mil,0.0,0.0,0.0,0.02,0.0,0.08,0.9
,Myc,0.0,0.0078125,0.0078125,0.0,0.2421875,0.4557291666666667,0.2864583333333333
,Pse,0.0,0.002564102564102564,0.0,0.0,0.0,0.6871794871794872,0.31025641025641026
,Syl,0.0,0.0,0.0,0.0,0.0,0.0,1.0

accuracy,0.3579290664492458

,precision,recall,f1-score,support
Alt,1.0,0.058704453441295545,0.11089866156787763,494
Big,0.5869565217391305,0.08132530120481928,0.14285714285714285,332
Mac,0.8421052631578947,0.08533333333333333,0.15496368038740918,375
Mil,0.5,0.02,0.038461538461538464,50
Myc,0.7622950819672131,0.2421875,0.36758893280632415,384
Pse,0.247460757156048,0.6871794871794872,0.36388323150033947,390
Syl,0.37775816416593117,1.0,0.5483664317745035,428
macro avg,0.6166536840266025,0.3106757250227051,0.24671708847930507,2453
weighted avg,0.6443418426134893,0.3579290664492458,0.27721826766967256,2453

B3_B6
Confusion matrix not normalized
,,Alt,Big,Mac,Mil,Myc,Pse,Syl
,Alt,116,26,28,2,54,118,150
,Big,0,35,14,0,14,131,138
,Mac,1,1,54,1,25,133,160
,Mil,0,0,0,2,0,1,47
,Myc,5,3,1,0,138,119,118
,Pse,0,0,4,0,3,239,144
,Syl,0,0,0,0,0,0,428

Confusion matrix normalized
,,Alt,Big,Mac,Mil,Myc,Pse,Syl
,Alt,0.23481781376518218,0.05263157894736842,0.05668016194331984,0.004048582995951417,0.10931174089068826,0.2388663967611336,0.30364372469635625
,Big,0.0,0.10542168674698796,0.04216867469879518,0.0,0.04216867469879518,0.39457831325301207,0.41566265060240964
,Mac,0.0026666666666666666,0.0026666666666666666,0.144,0.0026666666666666666,0.06666666666666667,0.3546666666666667,0.4266666666666667
,Mil,0.0,0.0,0.0,0.04,0.0,0.02,0.94
,Myc,0.013020833333333334,0.0078125,0.0026041666666666665,0.0,0.359375,0.3098958333333333,0.3072916666666667
,Pse,0.0,0.0,0.010256410256410256,0.0,0.007692307692307693,0.6128205128205129,0.36923076923076925
,Syl,0.0,0.0,0.0,0.0,0.0,0.0,1.0

accuracy,0.4125560538116592

,precision,recall,f1-score,support
Alt,0.9508196721311475,0.23481781376518218,0.3766233766233766,494
Big,0.5384615384615384,0.10542168674698796,0.17632241813602015,332
Mac,0.5346534653465347,0.144,0.22689075630252098,375
Mil,0.4,0.04,0.07272727272727272,50
Myc,0.5897435897435898,0.359375,0.4466019417475728,384
Pse,0.3225371120107962,0.6128205128205129,0.4226348364279398,390
Syl,0.36118143459915614,1.0,0.5306881587104774,428
macro avg,0.5281995446132518,0.3566335733332404,0.3217841086678829,2453
weighted avg,0.5608666385899536,0.4125560538116592,0.3655803717443802,2453

B3_VGG16
Confusion matrix not normalized
,,Alt,Big,Mac,Mil,Myc,Pse,Syl
,Alt,15,60,9,1,33,132,244
,Big,0,19,2,0,11,89,211
,Mac,0,0,24,0,8,108,235
,Mil,0,0,0,0,0,0,50
,Myc,0,5,4,0,52,97,226
,Pse,0,1,0,0,1,144,244
,Syl,0,0,0,0,0,0,428

Confusion matrix normalized
,,Alt,Big,Mac,Mil,Myc,Pse,Syl
,Alt,0.030364372469635626,0.1214574898785425,0.018218623481781375,0.0020242914979757085,0.06680161943319839,0.26720647773279355,0.4939271255060729
,Big,0.0,0.0572289156626506,0.006024096385542169,0.0,0.03313253012048193,0.2680722891566265,0.6355421686746988
,Mac,0.0,0.0,0.064,0.0,0.021333333333333333,0.288,0.6266666666666667
,Mil,0.0,0.0,0.0,0.0,0.0,0.0,1.0
,Myc,0.0,0.013020833333333334,0.010416666666666666,0.0,0.13541666666666666,0.2526041666666667,0.5885416666666666
,Pse,0.0,0.002564102564102564,0.0,0.0,0.002564102564102564,0.36923076923076925,0.6256410256410256
,Syl,0.0,0.0,0.0,0.0,0.0,0.0,1.0

accuracy,0.27802690582959644

,precision,recall,f1-score,support
Alt,1.0,0.030364372469635626,0.058939096267190565,494
Big,0.2235294117647059,0.0572289156626506,0.09112709832134291,332
Mac,0.6153846153846154,0.064,0.11594202898550723,375
Mil,0.0,0.0,0.0,50
Myc,0.49523809523809526,0.13541666666666666,0.21267893660531698,384
Pse,0.25263157894736843,0.36923076923076925,0.3,390
Syl,0.2612942612942613,1.0,0.41432720232333015,428
macro avg,0.40686828037557804,0.23660581771853173,0.1704306232146697,2453
weighted avg,0.48899824038726425,0.27802690582959644,0.19520959042766828,2453

B4_B3
Confusion matrix not normalized
,,Alt,Big,Mac,Mil,Myc,Pse,Syl
,Alt,18,12,2,0,12,283,167
,Big,0,9,1,0,7,198,117
,Mac,0,0,4,0,6,178,187
,Mil,0,0,0,0,0,3,47
,Myc,0,0,0,0,30,193,161
,Pse,0,0,0,0,0,235,155
,Syl,0,0,0,0,0,0,428

Confusion matrix normalized
,,Alt,Big,Mac,Mil,Myc,Pse,Syl
,Alt,0.03643724696356275,0.024291497975708502,0.004048582995951417,0.0,0.024291497975708502,0.5728744939271255,0.33805668016194335
,Big,0.0,0.02710843373493976,0.0030120481927710845,0.0,0.02108433734939759,0.5963855421686747,0.35240963855421686
,Mac,0.0,0.0,0.010666666666666666,0.0,0.016,0.4746666666666667,0.49866666666666665
,Mil,0.0,0.0,0.0,0.0,0.0,0.06,0.94
,Myc,0.0,0.0,0.0,0.0,0.078125,0.5026041666666666,0.4192708333333333
,Pse,0.0,0.0,0.0,0.0,0.0,0.6025641025641025,0.3974358974358974
,Syl,0.0,0.0,0.0,0.0,0.0,0.0,1.0

accuracy,0.29514879739094985

,precision,recall,f1-score,support
Alt,1.0,0.03643724696356275,0.0703125,494
Big,0.42857142857142855,0.02710843373493976,0.0509915014164306,332
Mac,0.5714285714285714,0.010666666666666666,0.02094240837696335,375
Mil,0.0,0.0,0.0,50
Myc,0.5454545454545454,0.078125,0.1366742596810934,384
Pse,0.21559633027522937,0.6025641025641025,0.3175675675675676,390
Syl,0.33914421553090335,1.0,0.506508875739645,428
macro avg,0.44288501303723976,0.2507002071327531,0.15757101611167143,2453
weighted avg,0.525585922168993,0.29514879739094985,0.18452385752021017,2453

B4_B4
Confusion matrix not normalized
,,Alt,Big,Mac,Mil,Myc,Pse,Syl
,Alt,101,12,4,3,22,184,168
,Big,0,19,3,0,18,158,134
,Mac,0,0,23,0,4,141,207
,Mil,0,0,0,1,0,1,48
,Myc,6,1,1,1,56,142,177
,Pse,0,1,0,0,0,227,162
,Syl,0,0,0,0,0,0,428

Confusion matrix normalized
,,Alt,Big,Mac,Mil,Myc,Pse,Syl
,Alt,0.20445344129554655,0.024291497975708502,0.008097165991902834,0.006072874493927126,0.044534412955465584,0.3724696356275304,0.340080971659919
,Big,0.0,0.0572289156626506,0.009036144578313253,0.0,0.05421686746987952,0.4759036144578313,0.4036144578313253
,Mac,0.0,0.0,0.06133333333333333,0.0,0.010666666666666666,0.376,0.552
,Mil,0.0,0.0,0.0,0.02,0.0,0.02,0.96
,Myc,0.015625,0.0026041666666666665,0.0026041666666666665,0.0026041666666666665,0.14583333333333334,0.3697916666666667,0.4609375
,Pse,0.0,0.002564102564102564,0.0,0.0,0.0,0.5820512820512821,0.4153846153846154
,Syl,0.0,0.0,0.0,0.0,0.0,0.0,1.0

accuracy,0.34855279249898086

,precision,recall,f1-score,support
Alt,0.9439252336448598,0.20445344129554655,0.33610648918469216,494
Big,0.5757575757575758,0.0572289156626506,0.10410958904109588,332
Mac,0.7419354838709677,0.06133333333333333,0.11330049261083742,375
Mil,0.2,0.02,0.03636363636363636,50
Myc,0.56,0.14583333333333334,0.23140495867768596,384
Pse,0.2661195779601407,0.5820512820512821,0.3652453740949316,390
Syl,0.32326283987915405,1.0,0.4885844748858448,428
macro avg,0.5158572444446712,0.29584290081087794,0.23930214497981775,2453
weighted avg,0.5718954414579787,0.34855279249898086,0.2793828826117097,2453

B4_B5
Confusion matrix not normalized
,,Alt,Big,Mac,Mil,Myc,Pse,Syl
,Alt,38,10,0,0,35,245,166
,Big,0,11,2,0,32,175,112
,Mac,0,0,8,0,7,141,219
,Mil,0,0,0,0,0,1,49
,Myc,2,1,0,0,55,166,160
,Pse,1,0,0,0,0,231,158
,Syl,0,0,0,0,0,0,428

Confusion matrix normalized
,,Alt,Big,Mac,Mil,Myc,Pse,Syl
,Alt,0.07692307692307693,0.020242914979757085,0.0,0.0,0.0708502024291498,0.4959514170040486,0.3360323886639676
,Big,0.0,0.03313253012048193,0.006024096385542169,0.0,0.0963855421686747,0.5271084337349398,0.3373493975903614
,Mac,0.0,0.0,0.021333333333333333,0.0,0.018666666666666668,0.376,0.584
,Mil,0.0,0.0,0.0,0.0,0.0,0.02,0.98
,Myc,0.005208333333333333,0.0026041666666666665,0.0,0.0,0.14322916666666666,0.4322916666666667,0.4166666666666667
,Pse,0.002564102564102564,0.0,0.0,0.0,0.0,0.5923076923076923,0.40512820512820513
,Syl,0.0,0.0,0.0,0.0,0.0,0.0,1.0

accuracy,0.31430900937627393

,precision,recall,f1-score,support
Alt,0.926829268292683,0.07692307692307693,0.14205607476635515,494
Big,0.5,0.03313253012048193,0.06214689265536724,332
Mac,0.8,0.021333333333333333,0.04155844155844156,375
Mil,0.0,0.0,0.0,50
Myc,0.4263565891472868,0.14322916666666666,0.21442495126705652,384
Pse,0.24087591240875914,0.5923076923076923,0.3424759080800593,390
Syl,0.33126934984520123,1.0,0.4976744186046511,428
macro avg,0.4607615885277042,0.2667036856216073,0.1857623838474187,2453
weighted avg,0.5394616699316371,0.31430900937627393,0.2182235309747821,2453

B4_B6
Confusion matrix not normalized
,,Alt,Big,Mac,Mil,Myc,Pse,Syl
,Alt,26,19,4,4,57,202,182
,Big,0,26,3,0,12,151,140
,Mac,0,1,24,0,7,137,206
,Mil,0,0,0,1,0,1,48
,Myc,1,1,0,1,64,113,204
,Pse,0,1,1,0,0,198,190
,Syl,0,0,0,0,0,0,428

Confusion matrix normalized
,,Alt,Big,Mac,Mil,Myc,Pse,Syl
,Alt,0.05263157894736842,0.038461538461538464,0.008097165991902834,0.008097165991902834,0.11538461538461539,0.4089068825910931,0.3684210526315789
,Big,0.0,0.0783132530120482,0.009036144578313253,0.0,0.03614457831325301,0.45481927710843373,0.42168674698795183
,Mac,0.0,0.0026666666666666666,0.064,0.0,0.018666666666666668,0.36533333333333334,0.5493333333333333
,Mil,0.0,0.0,0.0,0.02,0.0,0.02,0.96
,Myc,0.0026041666666666665,0.0026041666666666665,0.0,0.0026041666666666665,0.16666666666666666,0.2942708333333333,0.53125
,Pse,0.0,0.002564102564102564,0.002564102564102564,0.0,0.0,0.5076923076923077,0.48717948717948717
,Syl,0.0,0.0,0.0,0.0,0.0,0.0,1.0

accuracy,0.31267835303709746

,precision,recall,f1-score,support
Alt,0.9629629629629629,0.05263157894736842,0.09980806142034548,494
Big,0.5416666666666666,0.0783132530120482,0.1368421052631579,332
Mac,0.75,0.064,0.11793611793611793,375
Mil,0.16666666666666666,0.02,0.03571428571428571,50
Myc,0.45714285714285713,0.16666666666666666,0.2442748091603053,384
Pse,0.24688279301745636,0.5076923076923077,0.33221476510067116,390
Syl,0.3061516452074392,1.0,0.4687842278203724,428
macro avg,0.4902105130948642,0.26990054375977013,0.2050820532021794,2453
weighted avg,0.5495232046224294,0.31267835303709746,0.23022970012829835,2453

B4_VGG16
Confusion matrix not normalized
,,Alt,Big,Mac,Mil,Myc,Pse,Syl
,Alt,33,17,5,0,29,30,380
,Big,0,4,1,0,7,33,287
,Mac,0,0,1,0,2,30,342
,Mil,0,0,0,0,0,0,50
,Myc,1,2,0,0,22,24,335
,Pse,1,0,1,0,0,40,348
,Syl,0,0,0,0,0,0,428

Confusion matrix normalized
,,Alt,Big,Mac,Mil,Myc,Pse,Syl
,Alt,0.06680161943319839,0.03441295546558704,0.010121457489878543,0.0,0.058704453441295545,0.06072874493927125,0.7692307692307693
,Big,0.0,0.012048192771084338,0.0030120481927710845,0.0,0.02108433734939759,0.09939759036144578,0.8644578313253012
,Mac,0.0,0.0,0.0026666666666666666,0.0,0.005333333333333333,0.08,0.912
,Mil,0.0,0.0,0.0,0.0,0.0,0.0,1.0
,Myc,0.0026041666666666665,0.005208333333333333,0.0,0.0,0.057291666666666664,0.0625,0.8723958333333334
,Pse,0.002564102564102564,0.0,0.002564102564102564,0.0,0.0,0.10256410256410256,0.8923076923076924
,Syl,0.0,0.0,0.0,0.0,0.0,0.0,1.0

accuracy,0.21524663677130046

,precision,recall,f1-score,support
Alt,0.9428571428571428,0.06680161943319839,0.12476370510396975,494
Big,0.17391304347826086,0.012048192771084338,0.022535211267605635,332
Mac,0.125,0.0026666666666666666,0.005221932114882506,375
Mil,0.0,0.0,0.0,50
Myc,0.36666666666666664,0.057291666666666664,0.09909909909909909,384
Pse,0.25477707006369427,0.10256410256410256,0.1462522851919561,390
Syl,0.19723502304147467,1.0,0.3294842186297152,428
macro avg,0.2943498494438913,0.1773388925859598,0.1039080644867469,2453
weighted avg,0.36484517170517855,0.21524663677130046,0.1252282412791366,2453

B5_B3
Confusion matrix not normalized
,,Alt,Big,Mac,Mil,Myc,Pse,Syl
,Alt,33,21,2,1,11,211,215
,Big,0,11,1,0,7,199,114
,Mac,0,0,11,1,7,153,203
,Mil,0,0,0,0,0,4,46
,Myc,0,0,1,0,62,133,188
,Pse,0,0,0,0,0,246,144
,Syl,0,0,0,0,0,0,428

Confusion matrix normalized
,,Alt,Big,Mac,Mil,Myc,Pse,Syl
,Alt,0.06680161943319839,0.04251012145748988,0.004048582995951417,0.0020242914979757085,0.022267206477732792,0.4271255060728745,0.4352226720647773
,Big,0.0,0.03313253012048193,0.0030120481927710845,0.0,0.02108433734939759,0.5993975903614458,0.3433734939759036
,Mac,0.0,0.0,0.029333333333333333,0.0026666666666666666,0.018666666666666668,0.408,0.5413333333333333
,Mil,0.0,0.0,0.0,0.0,0.0,0.08,0.92
,Myc,0.0,0.0,0.0026041666666666665,0.0,0.16145833333333334,0.3463541666666667,0.4895833333333333
,Pse,0.0,0.0,0.0,0.0,0.0,0.6307692307692307,0.36923076923076925
,Syl,0.0,0.0,0.0,0.0,0.0,0.0,1.0

accuracy,0.32246229107215657

,precision,recall,f1-score,support
Alt,1.0,0.06680161943319839,0.1252371916508539,494
Big,0.34375,0.03313253012048193,0.06043956043956044,332
Mac,0.7333333333333333,0.029333333333333333,0.05641025641025641,375
Mil,0.0,0.0,0.0,50
Myc,0.7126436781609196,0.16145833333333334,0.2632696390658174,384
Pse,0.26004228329809725,0.6307692307692307,0.36826347305389223,390
Syl,0.31988041853512705,1.0,0.4847112117780295,428
macro avg,0.48137853047535384,0.27449929242708254,0.19404733319977283,2453
weighted avg,0.5687343995242908,0.32246229107215657,0.22636023132025707,2453

B5_B4
Confusion matrix not normalized
,,Alt,Big,Mac,Mil,Myc,Pse,Syl
,Alt,25,16,4,1,36,263,149
,Big,0,11,1,1,18,226,75
,Mac,0,0,18,0,8,167,182
,Mil,0,0,0,1,0,2,47
,Myc,2,1,2,0,96,151,132
,Pse,0,1,0,0,1,254,134
,Syl,0,0,0,0,0,0,428

Confusion matrix normalized
,,Alt,Big,Mac,Mil,Myc,Pse,Syl
,Alt,0.05060728744939271,0.032388663967611336,0.008097165991902834,0.0020242914979757085,0.0728744939271255,0.5323886639676113,0.3016194331983806
,Big,0.0,0.03313253012048193,0.0030120481927710845,0.0030120481927710845,0.05421686746987952,0.6807228915662651,0.22590361445783133
,Mac,0.0,0.0,0.048,0.0,0.021333333333333333,0.44533333333333336,0.48533333333333334
,Mil,0.0,0.0,0.0,0.02,0.0,0.04,0.94
,Myc,0.005208333333333333,0.0026041666666666665,0.005208333333333333,0.0,0.25,0.3932291666666667,0.34375
,Pse,0.0,0.002564102564102564,0.0,0.0,0.002564102564102564,0.6512820512820513,0.3435897435897436
,Syl,0.0,0.0,0.0,0.0,0.0,0.0,1.0

accuracy,0.33958418263351

,precision,recall,f1-score,support
Alt,0.9259259259259259,0.05060728744939271,0.09596928982725528,494
Big,0.3793103448275862,0.03313253012048193,0.060941828254847646,332
Mac,0.72,0.048,0.09,375
Mil,0.3333333333333333,0.02,0.03773584905660377,50
Myc,0.6037735849056604,0.25,0.35359116022099446,384
Pse,0.2389463781749765,0.6512820512820513,0.34962147281486583,390
Syl,0.37314734088927637,1.0,0.5434920634920636,428
macro avg,0.5106338440081084,0.293288838407418,0.2187645233809472,2453
weighted avg,0.5522830471053638,0.33958418263351,0.2478696664106671,2453

B5_B5
Confusion matrix not normalized
,,Alt,Big,Mac,Mil,Myc,Pse,Syl
,Alt,11,26,7,0,26,163,261
,Big,0,25,4,0,11,142,150
,Mac,0,0,30,0,12,106,227
,Mil,0,0,0,1,0,0,49
,Myc,0,5,1,0,86,88,204
,Pse,0,0,2,1,3,178,206
,Syl,0,0,0,0,0,0,428

Confusion matrix normalized
,,Alt,Big,Mac,Mil,Myc,Pse,Syl
,Alt,0.022267206477732792,0.05263157894736842,0.01417004048582996,0.0,0.05263157894736842,0.3299595141700405,0.52834008097166
,Big,0.0,0.07530120481927711,0.012048192771084338,0.0,0.03313253012048193,0.42771084337349397,0.45180722891566266
,Mac,0.0,0.0,0.08,0.0,0.032,0.2826666666666667,0.6053333333333333
,Mil,0.0,0.0,0.0,0.02,0.0,0.0,0.98
,Myc,0.0,0.013020833333333334,0.0026041666666666665,0.0,0.22395833333333334,0.22916666666666666,0.53125
,Pse,0.0,0.0,0.005128205128205128,0.002564102564102564,0.007692307692307693,0.4564102564102564,0.5282051282051282
,Syl,0.0,0.0,0.0,0.0,0.0,0.0,1.0

accuracy,0.3094170403587444

,precision,recall,f1-score,support
Alt,1.0,0.022267206477732792,0.04356435643564356,494
Big,0.44642857142857145,0.07530120481927711,0.1288659793814433,332
Mac,0.6818181818181818,0.08,0.1431980906921241,375
Mil,0.5,0.02,0.038461538461538464,50
Myc,0.6231884057971014,0.22395833333333334,0.32950191570881227,384
Pse,0.26292466765140327,0.4564102564102564,0.3336457357075914,390
Syl,0.28065573770491803,1.0,0.43830005120327703,428
macro avg,0.5421450806285966,0.26827671443437134,0.2079339525129186,2453
weighted avg,0.5645583888479181,0.3094170403587444,0.22999170511195174,2453

B5_B6
Confusion matrix not normalized
,,Alt,Big,Mac,Mil,Myc,Pse,Syl
,Alt,28,7,10,1,41,263,144
,Big,0,3,1,0,12,240,76
,Mac,0,0,31,0,14,172,158
,Mil,0,0,0,2,0,2,46
,Myc,2,1,1,1,115,140,124
,Pse,0,0,1,0,3,261,125
,Syl,0,0,0,0,0,0,428

Confusion matrix normalized
,,Alt,Big,Mac,Mil,Myc,Pse,Syl
,Alt,0.05668016194331984,0.01417004048582996,0.020242914979757085,0.0020242914979757085,0.08299595141700405,0.5323886639676113,0.291497975708502
,Big,0.0,0.009036144578313253,0.0030120481927710845,0.0,0.03614457831325301,0.7228915662650602,0.2289156626506024
,Mac,0.0,0.0,0.08266666666666667,0.0,0.037333333333333336,0.45866666666666667,0.42133333333333334
,Mil,0.0,0.0,0.0,0.04,0.0,0.04,0.92
,Myc,0.005208333333333333,0.0026041666666666665,0.0026041666666666665,0.0026041666666666665,0.2994791666666667,0.3645833333333333,0.3229166666666667
,Pse,0.0,0.0,0.002564102564102564,0.0,0.007692307692307693,0.6692307692307692,0.32051282051282054
,Syl,0.0,0.0,0.0,0.0,0.0,0.0,1.0

accuracy,0.35385242560130453

,precision,recall,f1-score,support
Alt,0.9333333333333333,0.05668016194331984,0.1068702290076336,494
Big,0.2727272727272727,0.009036144578313253,0.01749271137026239,332
Mac,0.7045454545454546,0.08266666666666667,0.1479713603818616,375
Mil,0.5,0.04,0.07407407407407407,50
Myc,0.6216216216216216,0.2994791666666667,0.40421792618629176,384
Pse,0.24211502782931354,0.6692307692307692,0.35558583106267033,390
Syl,0.3887375113533152,1.0,0.5598430346631786,428
macro avg,0.5232971744871873,0.3081561298693908,0.23800788096371034,2453
weighted avg,0.5464019099396741,0.35385242560130453,0.2655138254208797,2453

B5_VGG16
Confusion matrix not normalized
,,Alt,Big,Mac,Mil,Myc,Pse,Syl
,Alt,5,19,13,0,4,151,302
,Big,0,4,8,0,0,84,236
,Mac,0,0,19,0,1,68,287
,Mil,0,0,0,0,0,0,50
,Myc,0,1,9,0,13,67,294
,Pse,0,0,12,0,0,98,280
,Syl,0,0,0,0,0,0,428

Confusion matrix normalized
,,Alt,Big,Mac,Mil,Myc,Pse,Syl
,Alt,0.010121457489878543,0.038461538461538464,0.02631578947368421,0.0,0.008097165991902834,0.305668016194332,0.611336032388664
,Big,0.0,0.012048192771084338,0.024096385542168676,0.0,0.0,0.25301204819277107,0.7108433734939759
,Mac,0.0,0.0,0.050666666666666665,0.0,0.0026666666666666666,0.18133333333333335,0.7653333333333333
,Mil,0.0,0.0,0.0,0.0,0.0,0.0,1.0
,Myc,0.0,0.0026041666666666665,0.0234375,0.0,0.033854166666666664,0.17447916666666666,0.765625
,Pse,0.0,0.0,0.03076923076923077,0.0,0.0,0.2512820512820513,0.717948717948718
,Syl,0.0,0.0,0.0,0.0,0.0,0.0,1.0

accuracy,0.2311455360782715

,precision,recall,f1-score,support
Alt,1.0,0.010121457489878543,0.020040080160320644,494
Big,0.16666666666666666,0.012048192771084338,0.02247191011235955,332
Mac,0.3114754098360656,0.050666666666666665,0.0871559633027523,375
Mil,0.0,0.0,0.0,50
Myc,0.7222222222222222,0.033854166666666664,0.06467661691542288,384
Pse,0.2094017094017094,0.2512820512820513,0.22843822843822842,390
Syl,0.22802344166222696,1.0,0.3713665943600868,428
macro avg,0.3768270642555559,0.19399607641090677,0.11344991332702437,2453
weighted avg,0.4576969608859728,0.2311455360782715,0.13164108942828473,2453

B6_B3
Confusion matrix not normalized
,,Alt,Big,Mac,Mil,Myc,Pse,Syl
,Alt,44,58,19,5,26,116,226
,Big,0,50,5,1,6,111,159
,Mac,0,0,32,0,4,128,211
,Mil,0,0,0,1,0,3,46
,Myc,2,3,1,0,72,131,175
,Pse,0,3,1,0,3,199,184
,Syl,0,0,0,0,0,0,428

Confusion matrix normalized
,,Alt,Big,Mac,Mil,Myc,Pse,Syl
,Alt,0.08906882591093117,0.11740890688259109,0.038461538461538464,0.010121457489878543,0.05263157894736842,0.23481781376518218,0.4574898785425101
,Big,0.0,0.15060240963855423,0.015060240963855422,0.0030120481927710845,0.018072289156626505,0.33433734939759036,0.4789156626506024
,Mac,0.0,0.0,0.08533333333333333,0.0,0.010666666666666666,0.3413333333333333,0.5626666666666666
,Mil,0.0,0.0,0.0,0.02,0.0,0.06,0.92
,Myc,0.005208333333333333,0.0078125,0.0026041666666666665,0.0,0.1875,0.3411458333333333,0.4557291666666667
,Pse,0.0,0.007692307692307693,0.002564102564102564,0.0,0.007692307692307693,0.5102564102564102,0.4717948717948718
,Syl,0.0,0.0,0.0,0.0,0.0,0.0,1.0

accuracy,0.33673053403995107

,precision,recall,f1-score,support
Alt,0.9565217391304348,0.08906882591093117,0.16296296296296295,494
Big,0.43859649122807015,0.15060240963855423,0.22421524663677128,332
Mac,0.5517241379310345,0.08533333333333333,0.14780600461893764,375
Mil,0.14285714285714285,0.02,0.03508771929824562,50
Myc,0.6486486486486487,0.1875,0.2909090909090909,384
Pse,0.28924418604651164,0.5102564102564102,0.36920222634508354,390
Syl,0.2995101469559132,1.0,0.460958535271944,428
macro avg,0.47530035611396515,0.29182299701988984,0.24159168372043371,2453
weighted avg,0.5390345860666533,0.33673053403995107,0.2711426887746397,2453

B6_B4
Confusion matrix not normalized
,,Alt,Big,Mac,Mil,Myc,Pse,Syl
,Alt,69,25,2,1,14,193,190
,Big,0,17,1,1,7,185,121
,Mac,0,0,14,1,4,133,223
,Mil,0,0,0,1,0,1,48
,Myc,5,2,0,0,38,140,199
,Pse,1,1,0,0,1,172,215
,Syl,0,0,0,0,0,0,428

Confusion matrix normalized
,,Alt,Big,Mac,Mil,Myc,Pse,Syl
,Alt,0.1396761133603239,0.05060728744939271,0.004048582995951417,0.0020242914979757085,0.02834008097165992,0.39068825910931176,0.38461538461538464
,Big,0.0,0.05120481927710843,0.0030120481927710845,0.0030120481927710845,0.02108433734939759,0.5572289156626506,0.3644578313253012
,Mac,0.0,0.0,0.037333333333333336,0.0026666666666666666,0.010666666666666666,0.3546666666666667,0.5946666666666667
,Mil,0.0,0.0,0.0,0.02,0.0,0.02,0.96
,Myc,0.013020833333333334,0.005208333333333333,0.0,0.0,0.09895833333333333,0.3645833333333333,0.5182291666666666
,Pse,0.002564102564102564,0.002564102564102564,0.0,0.0,0.002564102564102564,0.441025641025641,0.5512820512820513
,Syl,0.0,0.0,0.0,0.0,0.0,0.0,1.0

accuracy,0.3012637586628618

,precision,recall,f1-score,support
Alt,0.92,0.1396761133603239,0.24253075571177507,494
Big,0.37777777777777777,0.05120481927710843,0.09018567639257294,332
Mac,0.8235294117647058,0.037333333333333336,0.07142857142857144,375
Mil,0.25,0.02,0.037037037037037035,50
Myc,0.59375,0.09895833333333333,0.16964285714285712,384
Pse,0.2087378640776699,0.441025641025641,0.2833607907742998,390
Syl,0.300561797752809,1.0,0.46220302375809935,428
macro avg,0.4963366930532804,0.25545689147567713,0.19376981603503038,2453
weighted avg,0.5459738964787935,0.3012637586628618,0.22497589226857637,2453

B6_B5
Confusion matrix not normalized
,,Alt,Big,Mac,Mil,Myc,Pse,Syl
,Alt,30,37,12,8,128,107,172
,Big,0,25,8,0,44,143,112
,Mac,0,0,27,1,26,106,215
,Mil,0,0,0,3,0,1,46
,Myc,2,1,1,0,147,103,130
,Pse,0,1,4,1,7,191,186
,Syl,0,0,0,0,0,0,428

Confusion matrix normalized
,,Alt,Big,Mac,Mil,Myc,Pse,Syl
,Alt,0.06072874493927125,0.07489878542510121,0.024291497975708502,0.016194331983805668,0.2591093117408907,0.2165991902834008,0.3481781376518219
,Big,0.0,0.07530120481927711,0.024096385542168676,0.0,0.13253012048192772,0.4307228915662651,0.3373493975903614
,Mac,0.0,0.0,0.072,0.0026666666666666666,0.06933333333333333,0.2826666666666667,0.5733333333333334
,Mil,0.0,0.0,0.0,0.06,0.0,0.02,0.92
,Myc,0.005208333333333333,0.0026041666666666665,0.0026041666666666665,0.0,0.3828125,0.2682291666666667,0.3385416666666667
,Pse,0.0,0.002564102564102564,0.010256410256410256,0.002564102564102564,0.017948717948717947,0.4897435897435897,0.47692307692307695
,Syl,0.0,0.0,0.0,0.0,0.0,0.0,1.0

accuracy,0.34692213615980433

,precision,recall,f1-score,support
Alt,0.9375,0.06072874493927125,0.11406844106463877,494
Big,0.390625,0.07530120481927711,0.12626262626262627,332
Mac,0.5192307692307693,0.072,0.12646370023419204,375
Mil,0.23076923076923078,0.06,0.09523809523809523,50
Myc,0.41761363636363635,0.3828125,0.3994565217391304,384
Pse,0.29339477726574503,0.4897435897435897,0.36695485110470705,390
Syl,0.33204034134988364,1.0,0.49854397204426326,428
macro avg,0.4458819649970378,0.3057980056431626,0.24671260109823615,2453
weighted avg,0.4957045925784864,0.34692213615980433,0.26919498999937086,2453

B6_B6
Confusion matrix not normalized
,,Alt,Big,Mac,Mil,Myc,Pse,Syl
,Alt,38,21,2,1,18,220,194
,Big,0,16,2,0,5,170,139
,Mac,0,1,16,0,2,141,215
,Mil,0,0,0,1,0,1,48
,Myc,4,1,1,0,41,171,166
,Pse,0,0,0,0,0,180,210
,Syl,0,0,0,0,0,0,428

Confusion matrix normalized
,,Alt,Big,Mac,Mil,Myc,Pse,Syl
,Alt,0.07692307692307693,0.04251012145748988,0.004048582995951417,0.0020242914979757085,0.03643724696356275,0.44534412955465585,0.39271255060728744
,Big,0.0,0.04819277108433735,0.006024096385542169,0.0,0.015060240963855422,0.5120481927710844,0.4186746987951807
,Mac,0.0,0.0026666666666666666,0.042666666666666665,0.0,0.005333333333333333,0.376,0.5733333333333334
,Mil,0.0,0.0,0.0,0.02,0.0,0.02,0.96
,Myc,0.010416666666666666,0.0026041666666666665,0.0026041666666666665,0.0,0.10677083333333333,0.4453125,0.4322916666666667
,Pse,0.0,0.0,0.0,0.0,0.0,0.46153846153846156,0.5384615384615384
,Syl,0.0,0.0,0.0,0.0,0.0,0.0,1.0

accuracy,0.2935181410517733

,precision,recall,f1-score,support
Alt,0.9047619047619048,0.07692307692307693,0.1417910447761194,494
Big,0.41025641025641024,0.04819277108433735,0.0862533692722372,332
Mac,0.7619047619047619,0.042666666666666665,0.08080808080808081,375
Mil,0.5,0.02,0.038461538461538464,50
Myc,0.6212121212121212,0.10677083333333333,0.1822222222222222,384
Pse,0.20385050962627407,0.46153846153846156,0.2827965435978005,390
Syl,0.3057142857142857,1.0,0.4682713347921226,428
macro avg,0.5296714276393939,0.2508702585065537,0.182943447704303,2453
weighted avg,0.5473969272145173,0.2935181410517733,0.20855732514121358,2453

B6_VGG16
Confusion matrix not normalized
,,Alt,Big,Mac,Mil,Myc,Pse,Syl
,Alt,4,10,0,3,25,102,350
,Big,0,5,0,0,5,33,289
,Mac,0,0,0,0,2,34,339
,Mil,0,0,0,0,0,0,50
,Myc,0,0,0,0,20,39,325
,Pse,0,0,0,0,1,44,345
,Syl,0,0,0,0,0,0,428

Confusion matrix normalized
,,Alt,Big,Mac,Mil,Myc,Pse,Syl
,Alt,0.008097165991902834,0.020242914979757085,0.0,0.006072874493927126,0.05060728744939271,0.20647773279352227,0.708502024291498
,Big,0.0,0.015060240963855422,0.0,0.0,0.015060240963855422,0.09939759036144578,0.8704819277108434
,Mac,0.0,0.0,0.0,0.0,0.005333333333333333,0.09066666666666667,0.904
,Mil,0.0,0.0,0.0,0.0,0.0,0.0,1.0
,Myc,0.0,0.0,0.0,0.0,0.052083333333333336,0.1015625,0.8463541666666666
,Pse,0.0,0.0,0.0,0.0,0.002564102564102564,0.11282051282051282,0.8846153846153846
,Syl,0.0,0.0,0.0,0.0,0.0,0.0,1.0

accuracy,0.20423970648185893

,precision,recall,f1-score,support
Alt,1.0,0.008097165991902834,0.01606425702811245,494
Big,0.3333333333333333,0.015060240963855422,0.02881844380403458,332
Mac,0.0,0.0,0.0,375
Mil,0.0,0.0,0.0,50
Myc,0.37735849056603776,0.052083333333333336,0.09153318077803205,384
Pse,0.1746031746031746,0.11282051282051282,0.1370716510903427,390
Syl,0.2013170272812794,1.0,0.3351605324980423,428
macro avg,0.29808743225483214,0.16972303615851492,0.08694972359979487,2453
weighted avg,0.36845954048742385,0.20423970648185893,0.10173618408805017,2453

VGG16_B3
Confusion matrix not normalized
,,Alt,Big,Mac,Mil,Myc,Pse,Syl
,Alt,51,46,0,0,25,48,324
,Big,1,26,0,0,5,73,227
,Mac,3,1,0,0,5,67,299
,Mil,0,0,0,0,0,0,50
,Myc,2,3,0,0,40,56,283
,Pse,0,1,0,0,4,86,299
,Syl,0,0,0,0,0,0,428

Confusion matrix normalized
,,Alt,Big,Mac,Mil,Myc,Pse,Syl
,Alt,0.10323886639676114,0.0931174089068826,0.0,0.0,0.05060728744939271,0.09716599190283401,0.6558704453441295
,Big,0.0030120481927710845,0.0783132530120482,0.0,0.0,0.015060240963855422,0.21987951807228914,0.6837349397590361
,Mac,0.008,0.0026666666666666666,0.0,0.0,0.013333333333333334,0.17866666666666667,0.7973333333333333
,Mil,0.0,0.0,0.0,0.0,0.0,0.0,1.0
,Myc,0.005208333333333333,0.0078125,0.0,0.0,0.10416666666666667,0.14583333333333334,0.7369791666666666
,Pse,0.0,0.002564102564102564,0.0,0.0,0.010256410256410256,0.2205128205128205,0.7666666666666667
,Syl,0.0,0.0,0.0,0.0,0.0,0.0,1.0

accuracy,0.2572360375050958

,precision,recall,f1-score,support
Alt,0.8947368421052632,0.10323886639676114,0.18511796733212343,494
Big,0.33766233766233766,0.0783132530120482,0.1271393643031785,332
Mac,0.0,0.0,0.0,375
Mil,0.0,0.0,0.0,50
Myc,0.5063291139240507,0.10416666666666667,0.17278617710583155,384
Pse,0.2606060606060606,0.2205128205128205,0.23888888888888887,390
Syl,0.22408376963350785,1.0,0.3661248930710008,428
macro avg,0.31763116056160284,0.21517594379832808,0.15572247010014614,2453
weighted avg,0.38568222294750776,0.2572360375050958,0.1833985151734279,2453

VGG16_B4
Confusion matrix not normalized
,,Alt,Big,Mac,Mil,Myc,Pse,Syl
,Alt,9,11,5,0,115,77,277
,Big,0,4,0,0,53,110,165
,Mac,0,0,4,0,29,87,255
,Mil,0,0,0,0,0,2,48
,Myc,0,1,0,0,102,54,227
,Pse,0,0,0,1,8,99,282
,Syl,0,0,0,1,0,0,427

Confusion matrix normalized
,,Alt,Big,Mac,Mil,Myc,Pse,Syl
,Alt,0.018218623481781375,0.022267206477732792,0.010121457489878543,0.0,0.23279352226720648,0.15587044534412955,0.5607287449392713
,Big,0.0,0.012048192771084338,0.0,0.0,0.15963855421686746,0.3313253012048193,0.49698795180722893
,Mac,0.0,0.0,0.010666666666666666,0.0,0.07733333333333334,0.232,0.68
,Mil,0.0,0.0,0.0,0.0,0.0,0.04,0.96
,Myc,0.0,0.0026041666666666665,0.0,0.0,0.265625,0.140625,0.5911458333333334
,Pse,0.0,0.0,0.0,0.002564102564102564,0.020512820512820513,0.25384615384615383,0.7230769230769231
,Syl,0.0,0.0,0.0,0.002336448598130841,0.0,0.0,0.9976635514018691

accuracy,0.2629433346922136

,precision,recall,f1-score,support
Alt,1.0,0.018218623481781375,0.03578528827037773,494
Big,0.25,0.012048192771084338,0.02298850574712644,332
Mac,0.4444444444444444,0.010666666666666666,0.020833333333333336,375
Mil,0.0,0.0,0.0,50
Myc,0.3322475570032573,0.265625,0.2952243125904487,384
Pse,0.23076923076923078,0.25384615384615383,0.24175824175824176,390
Syl,0.2540154669839381,0.9976635514018691,0.4049312470365101,428
macro avg,0.3587823856001244,0.2225811697382222,0.14593156124800544,2453
weighted avg,0.43618766751938165,0.2629433346922136,0.1688075990076174,2453

VGG16_B5
Confusion matrix not normalized
,,Alt,Big,Mac,Mil,Myc,Pse,Syl
,Alt,20,10,2,0,5,132,325
,Big,0,6,0,0,3,131,192
,Mac,0,0,4,0,1,85,285
,Mil,0,0,0,0,0,4,46
,Myc,2,2,1,0,14,120,245
,Pse,0,0,0,0,0,119,271
,Syl,0,0,0,0,0,0,428

Confusion matrix normalized
,,Alt,Big,Mac,Mil,Myc,Pse,Syl
,Alt,0.04048582995951417,0.020242914979757085,0.004048582995951417,0.0,0.010121457489878543,0.26720647773279355,0.6578947368421053
,Big,0.0,0.018072289156626505,0.0,0.0,0.009036144578313253,0.39457831325301207,0.5783132530120482
,Mac,0.0,0.0,0.010666666666666666,0.0,0.0026666666666666666,0.22666666666666666,0.76
,Mil,0.0,0.0,0.0,0.0,0.0,0.08,0.92
,Myc,0.005208333333333333,0.005208333333333333,0.0026041666666666665,0.0,0.036458333333333336,0.3125,0.6380208333333334
,Pse,0.0,0.0,0.0,0.0,0.0,0.30512820512820515,0.6948717948717948
,Syl,0.0,0.0,0.0,0.0,0.0,0.0,1.0

accuracy,0.24092947411333063

,precision,recall,f1-score,support
Alt,0.9090909090909091,0.04048582995951417,0.07751937984496124,494
Big,0.3333333333333333,0.018072289156626505,0.03428571428571429,332
Mac,0.5714285714285714,0.010666666666666666,0.02094240837696335,375
Mil,0.0,0.0,0.0,50
Myc,0.6086956521739131,0.036458333333333336,0.0687960687960688,384
Pse,0.20135363790186125,0.30512820512820515,0.24260958205912336,390
Syl,0.23883928571428573,1.0,0.3855855855855856,428
macro avg,0.4089630556632677,0.2015444748920494,0.11853410556405951,2453
weighted avg,0.48452244335324607,0.24092947411333063,0.1400721125067299,2453

VGG16_B6
Confusion matrix not normalized
,,Alt,Big,Mac,Mil,Myc,Pse,Syl
,Alt,55,65,21,0,13,54,286
,Big,1,57,2,0,1,68,203
,Mac,1,13,16,0,8,78,259
,Mil,0,0,0,0,0,2,48
,Myc,7,11,7,0,28,64,267
,Pse,0,6,5,0,0,83,296
,Syl,0,0,0,0,0,0,428

Confusion matrix normalized
,,Alt,Big,Mac,Mil,Myc,Pse,Syl
,Alt,0.11133603238866396,0.13157894736842105,0.04251012145748988,0.0,0.02631578947368421,0.10931174089068826,0.5789473684210527
,Big,0.0030120481927710845,0.1716867469879518,0.006024096385542169,0.0,0.0030120481927710845,0.20481927710843373,0.6114457831325302
,Mac,0.0026666666666666666,0.034666666666666665,0.042666666666666665,0.0,0.021333333333333333,0.208,0.6906666666666667
,Mil,0.0,0.0,0.0,0.0,0.0,0.04,0.96
,Myc,0.018229166666666668,0.028645833333333332,0.018229166666666668,0.0,0.07291666666666667,0.16666666666666666,0.6953125
,Pse,0.0,0.015384615384615385,0.01282051282051282,0.0,0.0,0.2128205128205128,0.7589743589743589
,Syl,0.0,0.0,0.0,0.0,0.0,0.0,1.0

accuracy,0.27191194455768447

,precision,recall,f1-score,support
Alt,0.859375,0.11133603238866396,0.1971326164874552,494
Big,0.375,0.1716867469879518,0.2355371900826446,332
Mac,0.3137254901960784,0.042666666666666665,0.07511737089201877,375
Mil,0.0,0.0,0.0,50
Myc,0.56,0.07291666666666667,0.12903225806451615,384
Pse,0.23782234957020057,0.2128205128205128,0.22462787550744248,390
Syl,0.2395075545607163,1.0,0.38645598194130926,428
macro avg,0.3693471991895708,0.23020380364720885,0.17827189899648377,2453
weighted avg,0.43904535609779627,0.27191194455768447,0.2064032990429291,2453

VGG16_VGG16
Confusion matrix not normalized
,,Alt,Big,Mac,Mil,Myc,Pse,Syl
,Alt,35,5,1,0,67,72,314
,Big,2,0,0,0,11,83,236
,Mac,1,0,3,0,10,94,267
,Mil,0,0,0,0,0,0,50
,Myc,0,0,1,0,43,47,293
,Pse,0,0,0,1,3,73,313
,Syl,0,0,0,0,0,0,428

Confusion matrix normalized
,,Alt,Big,Mac,Mil,Myc,Pse,Syl
,Alt,0.0708502024291498,0.010121457489878543,0.0020242914979757085,0.0,0.13562753036437247,0.145748987854251,0.6356275303643725
,Big,0.006024096385542169,0.0,0.0,0.0,0.03313253012048193,0.25,0.7108433734939759
,Mac,0.0026666666666666666,0.0,0.008,0.0,0.02666666666666667,0.25066666666666665,0.712
,Mil,0.0,0.0,0.0,0.0,0.0,0.0,1.0
,Myc,0.0,0.0,0.0026041666666666665,0.0,0.11197916666666667,0.12239583333333333,0.7630208333333334
,Pse,0.0,0.0,0.0,0.002564102564102564,0.007692307692307693,0.18717948717948718,0.8025641025641026
,Syl,0.0,0.0,0.0,0.0,0.0,0.0,1.0

accuracy,0.23726049735018345

,precision,recall,f1-score,support
Alt,0.9210526315789473,0.0708502024291498,0.13157894736842105,494
Big,0.0,0.0,0.0,332
Mac,0.6,0.008,0.015789473684210527,375
Mil,0.0,0.0,0.0,50
Myc,0.3208955223880597,0.11197916666666667,0.16602316602316602,384
Pse,0.1978319783197832,0.18717948717948718,0.1923583662714098,390
Syl,0.22514466070489217,1.0,0.36753971661657364,428
macro avg,0.3235606847130975,0.1968584080393291,0.12475566713768302,2453
weighted avg,0.39818192699691163,0.23726049735018345,0.14961300853739015,2453

