linear_auto
Result global
Confusion matrix not normalized
,,Alt,Big,Mac,Mil,Myc,Pse,Syl
,Alt,888,16,14,3,40,27,0
,Big,22,579,23,0,8,31,2
,Mac,10,14,625,8,50,64,4
,Mil,0,0,3,868,0,12,11
,Myc,43,13,46,9,625,36,0
,Pse,28,63,45,14,60,578,0
,Syl,3,8,42,50,19,9,759

Confusion matrix normalized
,,Alt,Big,Mac,Mil,Myc,Pse,Syl
,Alt,0.8987854251012146,0.016194331983805668,0.01417004048582996,0.003036437246963563,0.04048582995951417,0.027327935222672066,0.0
,Big,0.03308270676691729,0.8706766917293233,0.03458646616541353,0.0,0.012030075187969926,0.04661654135338346,0.0030075187969924814
,Mac,0.012903225806451613,0.01806451612903226,0.8064516129032258,0.01032258064516129,0.06451612903225806,0.08258064516129032,0.005161290322580645
,Mil,0.0,0.0,0.003355704697986577,0.970917225950783,0.0,0.013422818791946308,0.012304250559284116
,Myc,0.05569948186528497,0.01683937823834197,0.05958549222797927,0.011658031088082901,0.8095854922279793,0.046632124352331605,0.0
,Pse,0.03553299492385787,0.0799492385786802,0.05710659898477157,0.017766497461928935,0.07614213197969544,0.733502538071066,0.0
,Syl,0.0033707865168539327,0.008988764044943821,0.04719101123595506,0.056179775280898875,0.021348314606741574,0.010112359550561797,0.852808988764045

accuracy,0.8527373527373527

,precision,recall,f1-score,support
Alt,0.8933601609657947,0.8987854251012146,0.8960645812310798,988
Big,0.8354978354978355,0.8706766917293233,0.8527245949926362,665
Mac,0.7832080200501254,0.8064516129032258,0.7946598855689764,775
Mil,0.9117647058823529,0.970917225950783,0.9404117009750813,894
Myc,0.7793017456359103,0.8095854922279793,0.7941550190597204,772
Pse,0.7635402906208718,0.733502538071066,0.7482200647249191,788
Syl,0.9780927835051546,0.852808988764045,0.9111644657863146,890
macro avg,0.8492522203082922,0.8489611392496625,0.8482000446198183,5772
weighted avg,0.8548411358623863,0.8527373527373527,0.8528386337805354,5772

Iteration_0
Confusion matrix not normalized
,,Alt,Big,Mac,Mil,Myc,Pse,Syl
,Alt,182,1,3,0,10,2,0
,Big,6,118,2,0,2,5,0
,Mac,2,2,120,4,13,13,1
,Mil,0,0,0,178,0,1,0
,Myc,9,2,11,0,127,5,0
,Pse,12,14,8,4,14,106,0
,Syl,1,3,13,11,2,1,147

Confusion matrix normalized
,,Alt,Big,Mac,Mil,Myc,Pse,Syl
,Alt,0.9191919191919192,0.005050505050505051,0.015151515151515152,0.0,0.050505050505050504,0.010101010101010102,0.0
,Big,0.045112781954887216,0.8872180451127819,0.015037593984962405,0.0,0.015037593984962405,0.03759398496240601,0.0
,Mac,0.012903225806451613,0.012903225806451613,0.7741935483870968,0.025806451612903226,0.08387096774193549,0.08387096774193549,0.0064516129032258064
,Mil,0.0,0.0,0.0,0.994413407821229,0.0,0.00558659217877095,0.0
,Myc,0.05844155844155844,0.012987012987012988,0.07142857142857142,0.0,0.8246753246753247,0.032467532467532464,0.0
,Pse,0.0759493670886076,0.08860759493670886,0.05063291139240506,0.02531645569620253,0.08860759493670886,0.6708860759493671,0.0
,Syl,0.0056179775280898875,0.016853932584269662,0.07303370786516854,0.06179775280898876,0.011235955056179775,0.0056179775280898875,0.8258426966292135

accuracy,0.8467532467532467

,precision,recall,f1-score,support
Alt,0.8584905660377359,0.9191919191919192,0.8878048780487805,198
Big,0.8428571428571429,0.8872180451127819,0.8644688644688644,133
Mac,0.7643312101910829,0.7741935483870968,0.7692307692307693,155
Mil,0.9035532994923858,0.994413407821229,0.9468085106382979,179
Myc,0.7559523809523809,0.8246753246753247,0.7888198757763976,154
Pse,0.7969924812030075,0.6708860759493671,0.7285223367697594,158
Syl,0.9932432432432432,0.8258426966292135,0.901840490797546,178
macro avg,0.8450600462824255,0.8423458596809903,0.8410708179614879,1155
weighted avg,0.8497205941630006,0.8467532467532467,0.8455252077092575,1155

Iteration_1
Confusion matrix not normalized
,,Alt,Big,Mac,Mil,Myc,Pse,Syl
,Alt,183,3,2,1,4,5,0
,Big,3,118,4,0,1,7,0
,Mac,2,5,121,2,11,13,1
,Mil,0,0,0,173,0,3,3
,Myc,9,3,11,1,117,13,0
,Pse,5,14,9,2,10,118,0
,Syl,1,0,8,10,1,1,157

Confusion matrix normalized
,,Alt,Big,Mac,Mil,Myc,Pse,Syl
,Alt,0.9242424242424242,0.015151515151515152,0.010101010101010102,0.005050505050505051,0.020202020202020204,0.025252525252525252,0.0
,Big,0.022556390977443608,0.8872180451127819,0.03007518796992481,0.0,0.007518796992481203,0.05263157894736842,0.0
,Mac,0.012903225806451613,0.03225806451612903,0.7806451612903226,0.012903225806451613,0.07096774193548387,0.08387096774193549,0.0064516129032258064
,Mil,0.0,0.0,0.0,0.9664804469273743,0.0,0.01675977653631285,0.01675977653631285
,Myc,0.05844155844155844,0.01948051948051948,0.07142857142857142,0.006493506493506494,0.7597402597402597,0.08441558441558442,0.0
,Pse,0.03164556962025317,0.08860759493670886,0.056962025316455694,0.012658227848101266,0.06329113924050633,0.7468354430379747,0.0
,Syl,0.0056179775280898875,0.0,0.0449438202247191,0.056179775280898875,0.0056179775280898875,0.0056179775280898875,0.8820224719101124

accuracy,0.8545454545454545

,precision,recall,f1-score,support
Alt,0.9014778325123153,0.9242424242424242,0.912718204488778,198
Big,0.8251748251748252,0.8872180451127819,0.8550724637681159,133
Mac,0.7806451612903226,0.7806451612903226,0.7806451612903226,155
Mil,0.9153439153439153,0.9664804469273743,0.9402173913043478,179
Myc,0.8125,0.7597402597402597,0.785234899328859,154
Pse,0.7375,0.7468354430379747,0.7421383647798743,158
Syl,0.9751552795031055,0.8820224719101124,0.9262536873156343,178
macro avg,0.849685287689212,0.8495977503230357,0.8488971674679904,1155
weighted avg,0.8556840373885748,0.8545454545454545,0.8543713832791888,1155

Iteration_2
Confusion matrix not normalized
,,Alt,Big,Mac,Mil,Myc,Pse,Syl
,Alt,178,4,1,0,8,7,0
,Big,4,115,6,0,1,7,0
,Mac,3,1,128,0,6,17,0
,Mil,0,0,1,169,0,4,4
,Myc,9,3,13,2,124,4,0
,Pse,4,16,13,1,8,115,0
,Syl,1,0,7,10,4,1,155

Confusion matrix normalized
,,Alt,Big,Mac,Mil,Myc,Pse,Syl
,Alt,0.898989898989899,0.020202020202020204,0.005050505050505051,0.0,0.04040404040404041,0.03535353535353535,0.0
,Big,0.03007518796992481,0.8646616541353384,0.045112781954887216,0.0,0.007518796992481203,0.05263157894736842,0.0
,Mac,0.01935483870967742,0.0064516129032258064,0.8258064516129032,0.0,0.03870967741935484,0.10967741935483871,0.0
,Mil,0.0,0.0,0.0056179775280898875,0.949438202247191,0.0,0.02247191011235955,0.02247191011235955
,Myc,0.05806451612903226,0.01935483870967742,0.08387096774193549,0.012903225806451613,0.8,0.025806451612903226,0.0
,Pse,0.025477707006369428,0.10191082802547771,0.08280254777070063,0.006369426751592357,0.050955414012738856,0.732484076433121,0.0
,Syl,0.0056179775280898875,0.0,0.03932584269662921,0.056179775280898875,0.02247191011235955,0.0056179775280898875,0.8707865168539326

accuracy,0.8526863084922011

,precision,recall,f1-score,support
Alt,0.8944723618090452,0.898989898989899,0.8967254408060453,198
Big,0.8273381294964028,0.8646616541353384,0.8455882352941175,133
Mac,0.757396449704142,0.8258064516129032,0.7901234567901234,155
Mil,0.9285714285714286,0.949438202247191,0.9388888888888889,178
Myc,0.8211920529801324,0.8,0.8104575163398694,155
Pse,0.7419354838709677,0.732484076433121,0.7371794871794872,157
Syl,0.9748427672955975,0.8707865168539326,0.9198813056379822,178
macro avg,0.849392667675388,0.8488809714674835,0.8484063329909305,1154
weighted avg,0.855385021325258,0.8526863084922011,0.853295665096903,1154

Iteration_3
Confusion matrix not normalized
,,Alt,Big,Mac,Mil,Myc,Pse,Syl
,Alt,171,7,5,0,9,5,0
,Big,6,115,4,0,2,5,1
,Mac,2,2,134,1,7,8,1
,Mil,0,0,1,176,0,1,1
,Myc,12,2,6,5,120,10,0
,Pse,4,10,11,3,14,115,0
,Syl,0,3,4,7,3,3,158

Confusion matrix normalized
,,Alt,Big,Mac,Mil,Myc,Pse,Syl
,Alt,0.868020304568528,0.03553299492385787,0.025380710659898477,0.0,0.04568527918781726,0.025380710659898477,0.0
,Big,0.045112781954887216,0.8646616541353384,0.03007518796992481,0.0,0.015037593984962405,0.03759398496240601,0.007518796992481203
,Mac,0.012903225806451613,0.012903225806451613,0.864516129032258,0.0064516129032258064,0.04516129032258064,0.05161290322580645,0.0064516129032258064
,Mil,0.0,0.0,0.00558659217877095,0.9832402234636871,0.0,0.00558659217877095,0.00558659217877095
,Myc,0.07741935483870968,0.012903225806451613,0.03870967741935484,0.03225806451612903,0.7741935483870968,0.06451612903225806,0.0
,Pse,0.025477707006369428,0.06369426751592357,0.07006369426751592,0.01910828025477707,0.08917197452229299,0.732484076433121,0.0
,Syl,0.0,0.016853932584269662,0.02247191011235955,0.03932584269662921,0.016853932584269662,0.016853932584269662,0.8876404494382022

accuracy,0.8570190641247833

,precision,recall,f1-score,support
Alt,0.8769230769230769,0.868020304568528,0.8724489795918368,197
Big,0.8273381294964028,0.8646616541353384,0.8455882352941175,133
Mac,0.8121212121212121,0.864516129032258,0.8375,155
Mil,0.9166666666666666,0.9832402234636871,0.9487870619946092,179
Myc,0.7741935483870968,0.7741935483870968,0.7741935483870968,155
Pse,0.782312925170068,0.732484076433121,0.7565789473684211,157
Syl,0.9813664596273292,0.8876404494382022,0.9321533923303833,178
macro avg,0.8529888597702646,0.8535366264940331,0.8524643092809236,1154
weighted avg,0.858109443374657,0.8570190641247833,0.8567480649414168,1154

Iteration_4
Confusion matrix not normalized
,,Alt,Big,Mac,Mil,Myc,Pse,Syl
,Alt,174,1,3,2,9,8,0
,Big,3,113,7,0,2,7,1
,Mac,1,4,122,1,13,13,1
,Mil,0,0,1,172,0,3,3
,Myc,4,3,5,1,137,4,0
,Pse,3,9,4,4,14,124,0
,Syl,0,2,10,12,9,3,142

Confusion matrix normalized
,,Alt,Big,Mac,Mil,Myc,Pse,Syl
,Alt,0.883248730964467,0.005076142131979695,0.015228426395939087,0.01015228426395939,0.04568527918781726,0.04060913705583756,0.0
,Big,0.022556390977443608,0.849624060150376,0.05263157894736842,0.0,0.015037593984962405,0.05263157894736842,0.007518796992481203
,Mac,0.0064516129032258064,0.025806451612903226,0.7870967741935484,0.0064516129032258064,0.08387096774193549,0.08387096774193549,0.0064516129032258064
,Mil,0.0,0.0,0.00558659217877095,0.9608938547486033,0.0,0.01675977653631285,0.01675977653631285
,Myc,0.025974025974025976,0.01948051948051948,0.032467532467532464,0.006493506493506494,0.8896103896103896,0.025974025974025976,0.0
,Pse,0.0189873417721519,0.056962025316455694,0.02531645569620253,0.02531645569620253,0.08860759493670886,0.7848101265822784,0.0
,Syl,0.0,0.011235955056179775,0.056179775280898875,0.06741573033707865,0.05056179775280899,0.016853932584269662,0.797752808988764

accuracy,0.8526863084922011

,precision,recall,f1-score,support
Alt,0.9405405405405406,0.883248730964467,0.9109947643979058,197
Big,0.8560606060606061,0.849624060150376,0.8528301886792453,133
Mac,0.8026315789473685,0.7870967741935484,0.7947882736156352,155
Mil,0.8958333333333334,0.9608938547486033,0.9272237196765499,179
Myc,0.7445652173913043,0.8896103896103896,0.8106508875739645,154
Pse,0.7654320987654321,0.7848101265822784,0.7749999999999999,158
Syl,0.9659863945578231,0.797752808988764,0.8738461538461538,178
macro avg,0.853007109942344,0.8504338207483466,0.849333426827065,1154
weighted avg,0.8591434157803706,0.8526863084922011,0.853459674163136,1154

linear_none
Result global
Confusion matrix not normalized
,,Alt,Big,Mac,Mil,Myc,Pse,Syl
,Alt,904,12,11,0,39,22,0
,Big,16,583,24,0,12,28,2
,Mac,4,8,665,5,38,53,2
,Mil,0,0,5,863,2,14,10
,Myc,24,10,36,5,659,38,0
,Pse,20,60,37,10,50,611,0
,Syl,4,9,32,51,17,8,769

Confusion matrix normalized
,,Alt,Big,Mac,Mil,Myc,Pse,Syl
,Alt,0.9149797570850202,0.012145748987854251,0.011133603238866396,0.0,0.039473684210526314,0.022267206477732792,0.0
,Big,0.02406015037593985,0.8766917293233083,0.03609022556390978,0.0,0.01804511278195489,0.042105263157894736,0.0030075187969924814
,Mac,0.005161290322580645,0.01032258064516129,0.8580645161290322,0.0064516129032258064,0.04903225806451613,0.06838709677419355,0.0025806451612903226
,Mil,0.0,0.0,0.005592841163310962,0.9653243847874721,0.0022371364653243847,0.015659955257270694,0.011185682326621925
,Myc,0.031088082901554404,0.012953367875647668,0.046632124352331605,0.006476683937823834,0.8536269430051814,0.04922279792746114,0.0
,Pse,0.025380710659898477,0.07614213197969544,0.046954314720812185,0.012690355329949238,0.06345177664974619,0.7753807106598984,0.0
,Syl,0.0044943820224719105,0.010112359550561797,0.035955056179775284,0.05730337078651685,0.019101123595505618,0.008988764044943821,0.8640449438202247

accuracy,0.8756063756063756

,precision,recall,f1-score,support
Alt,0.9300411522633745,0.9149797570850202,0.9224489795918367,988
Big,0.8548387096774194,0.8766917293233083,0.8656273199703044,665
Mac,0.8209876543209876,0.8580645161290322,0.8391167192429022,775
Mil,0.923982869379015,0.9653243847874721,0.9442013129102844,894
Myc,0.806609547123623,0.8536269430051814,0.8294524858401511,772
Pse,0.789405684754522,0.7753807106598984,0.7823303457106273,788
Syl,0.9821200510855683,0.8640449438202247,0.9193066347878063,890
macro avg,0.8725693812292157,0.8725875692585909,0.8717833997219875,5772
weighted avg,0.8781177430920755,0.8756063756063756,0.8760307912719594,5772

Iteration_0
Confusion matrix not normalized
,,Alt,Big,Mac,Mil,Myc,Pse,Syl
,Alt,184,3,3,0,6,2,0
,Big,3,117,4,0,2,7,0
,Mac,1,1,130,3,8,12,0
,Mil,0,0,0,178,0,1,0
,Myc,6,1,8,0,133,6,0
,Pse,6,12,7,3,11,119,0
,Syl,0,2,8,10,4,2,152

Confusion matrix normalized
,,Alt,Big,Mac,Mil,Myc,Pse,Syl
,Alt,0.9292929292929293,0.015151515151515152,0.015151515151515152,0.0,0.030303030303030304,0.010101010101010102,0.0
,Big,0.022556390977443608,0.8796992481203008,0.03007518796992481,0.0,0.015037593984962405,0.05263157894736842,0.0
,Mac,0.0064516129032258064,0.0064516129032258064,0.8387096774193549,0.01935483870967742,0.05161290322580645,0.07741935483870968,0.0
,Mil,0.0,0.0,0.0,0.994413407821229,0.0,0.00558659217877095,0.0
,Myc,0.03896103896103896,0.006493506493506494,0.05194805194805195,0.0,0.8636363636363636,0.03896103896103896,0.0
,Pse,0.0379746835443038,0.0759493670886076,0.04430379746835443,0.0189873417721519,0.06962025316455696,0.7531645569620253,0.0
,Syl,0.0,0.011235955056179775,0.0449438202247191,0.056179775280898875,0.02247191011235955,0.011235955056179775,0.8539325842696629

accuracy,0.8770562770562771

,precision,recall,f1-score,support
Alt,0.92,0.9292929292929293,0.9246231155778895,198
Big,0.8602941176470589,0.8796992481203008,0.8698884758364311,133
Mac,0.8125,0.8387096774193549,0.8253968253968254,155
Mil,0.9175257731958762,0.994413407821229,0.9544235924932976,179
Myc,0.8109756097560976,0.8636363636363636,0.8364779874213836,154
Pse,0.7986577181208053,0.7531645569620253,0.775244299674267,158
Syl,1.0,0.8539325842696629,0.9212121212121213,178
macro avg,0.8742790312456911,0.8732641096459808,0.8724666310874593,1155
weighted avg,0.879508133692335,0.8770562770562771,0.876909820043862,1155

Iteration_1
Confusion matrix not normalized
,,Alt,Big,Mac,Mil,Myc,Pse,Syl
,Alt,183,3,1,0,5,6,0
,Big,1,122,4,0,0,6,0
,Mac,1,3,131,1,10,8,1
,Mil,0,0,2,172,0,2,3
,Myc,5,3,12,1,120,13,0
,Pse,4,12,8,1,8,125,0
,Syl,2,0,4,12,1,0,159

Confusion matrix normalized
,,Alt,Big,Mac,Mil,Myc,Pse,Syl
,Alt,0.9242424242424242,0.015151515151515152,0.005050505050505051,0.0,0.025252525252525252,0.030303030303030304,0.0
,Big,0.007518796992481203,0.9172932330827067,0.03007518796992481,0.0,0.0,0.045112781954887216,0.0
,Mac,0.0064516129032258064,0.01935483870967742,0.8451612903225807,0.0064516129032258064,0.06451612903225806,0.05161290322580645,0.0064516129032258064
,Mil,0.0,0.0,0.0111731843575419,0.9608938547486033,0.0,0.0111731843575419,0.01675977653631285
,Myc,0.032467532467532464,0.01948051948051948,0.07792207792207792,0.006493506493506494,0.7792207792207793,0.08441558441558442,0.0
,Pse,0.02531645569620253,0.0759493670886076,0.05063291139240506,0.006329113924050633,0.05063291139240506,0.7911392405063291,0.0
,Syl,0.011235955056179775,0.0,0.02247191011235955,0.06741573033707865,0.0056179775280898875,0.0,0.8932584269662921

accuracy,0.8761904761904762

,precision,recall,f1-score,support
Alt,0.9336734693877551,0.9242424242424242,0.9289340101522842,198
Big,0.8531468531468531,0.9172932330827067,0.8840579710144928,133
Mac,0.808641975308642,0.8451612903225807,0.8264984227129337,155
Mil,0.9197860962566845,0.9608938547486033,0.9398907103825136,179
Myc,0.8333333333333334,0.7792207792207793,0.8053691275167787,154
Pse,0.78125,0.7911392405063291,0.7861635220125787,158
Syl,0.9754601226993865,0.8932584269662921,0.9325513196480939,178
macro avg,0.8721845500189506,0.8730298927271022,0.871923583348525,1155
weighted avg,0.8776795073453827,0.8761904761904762,0.8762693972701182,1155

Iteration_2
Confusion matrix not normalized
,,Alt,Big,Mac,Mil,Myc,Pse,Syl
,Alt,180,2,3,0,8,5,0
,Big,4,115,7,0,2,5,0
,Mac,1,1,135,0,6,12,0
,Mil,0,0,0,168,2,5,3
,Myc,4,3,7,1,135,5,0
,Pse,3,15,11,1,9,118,0
,Syl,1,1,5,7,4,1,159

Confusion matrix normalized
,,Alt,Big,Mac,Mil,Myc,Pse,Syl
,Alt,0.9090909090909091,0.010101010101010102,0.015151515151515152,0.0,0.04040404040404041,0.025252525252525252,0.0
,Big,0.03007518796992481,0.8646616541353384,0.05263157894736842,0.0,0.015037593984962405,0.03759398496240601,0.0
,Mac,0.0064516129032258064,0.0064516129032258064,0.8709677419354839,0.0,0.03870967741935484,0.07741935483870968,0.0
,Mil,0.0,0.0,0.0,0.9438202247191011,0.011235955056179775,0.028089887640449437,0.016853932584269662
,Myc,0.025806451612903226,0.01935483870967742,0.04516129032258064,0.0064516129032258064,0.8709677419354839,0.03225806451612903,0.0
,Pse,0.01910828025477707,0.09554140127388536,0.07006369426751592,0.006369426751592357,0.05732484076433121,0.7515923566878981,0.0
,Syl,0.0056179775280898875,0.0056179775280898875,0.028089887640449437,0.03932584269662921,0.02247191011235955,0.0056179775280898875,0.8932584269662921

accuracy,0.8752166377816292

,precision,recall,f1-score,support
Alt,0.9326424870466321,0.9090909090909091,0.9207161125319693,198
Big,0.8394160583941606,0.8646616541353384,0.8518518518518519,133
Mac,0.8035714285714286,0.8709677419354839,0.8359133126934984,155
Mil,0.9491525423728814,0.9438202247191011,0.9464788732394366,178
Myc,0.8132530120481928,0.8709677419354839,0.8411214953271028,155
Pse,0.7814569536423841,0.7515923566878981,0.7662337662337663,157
Syl,0.9814814814814815,0.8932584269662921,0.9352941176470588,178
macro avg,0.8715677090795946,0.8720512936386439,0.8710870756463834,1154
weighted avg,0.878037204909557,0.8752166377816292,0.8759036182819038,1154

Iteration_3
Confusion matrix not normalized
,,Alt,Big,Mac,Mil,Myc,Pse,Syl
,Alt,181,3,1,0,9,3,0
,Big,4,115,6,0,2,5,1
,Mac,1,2,139,1,5,7,0
,Mil,0,0,2,173,0,2,2
,Myc,7,2,6,3,131,6,0
,Pse,4,10,8,2,12,121,0
,Syl,0,3,6,8,2,3,156

Confusion matrix normalized
,,Alt,Big,Mac,Mil,Myc,Pse,Syl
,Alt,0.9187817258883249,0.015228426395939087,0.005076142131979695,0.0,0.04568527918781726,0.015228426395939087,0.0
,Big,0.03007518796992481,0.8646616541353384,0.045112781954887216,0.0,0.015037593984962405,0.03759398496240601,0.007518796992481203
,Mac,0.0064516129032258064,0.012903225806451613,0.896774193548387,0.0064516129032258064,0.03225806451612903,0.04516129032258064,0.0
,Mil,0.0,0.0,0.0111731843575419,0.9664804469273743,0.0,0.0111731843575419,0.0111731843575419
,Myc,0.04516129032258064,0.012903225806451613,0.03870967741935484,0.01935483870967742,0.8451612903225807,0.03870967741935484,0.0
,Pse,0.025477707006369428,0.06369426751592357,0.050955414012738856,0.012738853503184714,0.07643312101910828,0.7707006369426752,0.0
,Syl,0.0,0.016853932584269662,0.033707865168539325,0.0449438202247191,0.011235955056179775,0.016853932584269662,0.8764044943820225

accuracy,0.8804159445407279

,precision,recall,f1-score,support
Alt,0.9187817258883249,0.9187817258883249,0.9187817258883249,197
Big,0.8518518518518519,0.8646616541353384,0.8582089552238805,133
Mac,0.8273809523809523,0.896774193548387,0.8606811145510835,155
Mil,0.9251336898395722,0.9664804469273743,0.9453551912568307,179
Myc,0.8136645962732919,0.8451612903225807,0.829113924050633,155
Pse,0.8231292517006803,0.7707006369426752,0.7960526315789475,157
Syl,0.9811320754716981,0.8764044943820225,0.9258160237388723,178
macro avg,0.8772963062009103,0.8769949203066718,0.8762870808983676,1154
weighted avg,0.8822617753639139,0.8804159445407279,0.8804628393816541,1154

Iteration_4
Confusion matrix not normalized
,,Alt,Big,Mac,Mil,Myc,Pse,Syl
,Alt,176,1,3,0,11,6,0
,Big,4,114,3,0,6,5,1
,Mac,0,1,130,0,9,14,1
,Mil,0,0,1,172,0,4,2
,Myc,2,1,3,0,140,8,0
,Pse,3,11,3,3,10,128,0
,Syl,1,3,9,14,6,2,143

Confusion matrix normalized
,,Alt,Big,Mac,Mil,Myc,Pse,Syl
,Alt,0.8934010152284264,0.005076142131979695,0.015228426395939087,0.0,0.05583756345177665,0.030456852791878174,0.0
,Big,0.03007518796992481,0.8571428571428571,0.022556390977443608,0.0,0.045112781954887216,0.03759398496240601,0.007518796992481203
,Mac,0.0,0.0064516129032258064,0.8387096774193549,0.0,0.05806451612903226,0.09032258064516129,0.0064516129032258064
,Mil,0.0,0.0,0.00558659217877095,0.9608938547486033,0.0,0.0223463687150838,0.0111731843575419
,Myc,0.012987012987012988,0.006493506493506494,0.01948051948051948,0.0,0.9090909090909091,0.05194805194805195,0.0
,Pse,0.0189873417721519,0.06962025316455696,0.0189873417721519,0.0189873417721519,0.06329113924050633,0.810126582278481,0.0
,Syl,0.0056179775280898875,0.016853932584269662,0.05056179775280899,0.07865168539325842,0.033707865168539325,0.011235955056179775,0.8033707865168539

accuracy,0.8691507798960139

,precision,recall,f1-score,support
Alt,0.946236559139785,0.8934010152284264,0.9190600522193212,197
Big,0.8702290076335878,0.8571428571428571,0.8636363636363635,133
Mac,0.8552631578947368,0.8387096774193549,0.8469055374592834,155
Mil,0.91005291005291,0.9608938547486033,0.9347826086956522,179
Myc,0.7692307692307693,0.9090909090909091,0.8333333333333333,154
Pse,0.7664670658682635,0.810126582278481,0.7876923076923077,158
Syl,0.9727891156462585,0.8033707865168539,0.8799999999999999,178
macro avg,0.87003836935233,0.8675336689179265,0.866487171862323,1154
weighted avg,0.8755061681046082,0.8691507798960139,0.8699684834161796,1154

quatra
Result global
Confusion matrix not normalized
,,Alt,Big,Mac,Mil,Myc,Pse,Syl
,Alt,903,26,9,1,30,14,5
,Big,34,552,25,0,9,19,26
,Mac,29,37,577,15,45,40,32
,Mil,7,0,13,827,0,4,43
,Myc,87,15,72,15,547,28,8
,Pse,47,68,77,29,38,510,19
,Syl,6,2,7,39,10,0,826

Confusion matrix normalized
,,Alt,Big,Mac,Mil,Myc,Pse,Syl
,Alt,0.9139676113360324,0.02631578947368421,0.009109311740890687,0.0010121457489878543,0.030364372469635626,0.01417004048582996,0.005060728744939271
,Big,0.05112781954887218,0.8300751879699249,0.03759398496240601,0.0,0.013533834586466165,0.02857142857142857,0.039097744360902256
,Mac,0.03741935483870968,0.04774193548387097,0.7445161290322581,0.01935483870967742,0.05806451612903226,0.05161290322580645,0.04129032258064516
,Mil,0.007829977628635347,0.0,0.0145413870246085,0.9250559284116331,0.0,0.0044742729306487695,0.04809843400447427
,Myc,0.11269430051813471,0.019430051813471502,0.09326424870466321,0.019430051813471502,0.7085492227979274,0.03626943005181347,0.010362694300518135
,Pse,0.05964467005076142,0.08629441624365482,0.09771573604060914,0.03680203045685279,0.048223350253807105,0.6472081218274112,0.024111675126903553
,Syl,0.006741573033707865,0.0022471910112359553,0.007865168539325843,0.043820224719101124,0.011235955056179775,0.0,0.9280898876404494

accuracy,0.8215523215523216

,precision,recall,f1-score,support
Alt,0.8113207547169812,0.9139676113360324,0.8595906711089958,988
Big,0.7885714285714286,0.8300751879699249,0.8087912087912087,665
Mac,0.7397435897435898,0.7445161290322581,0.7421221864951768,775
Mil,0.8930885529157667,0.9250559284116331,0.9087912087912087,894
Myc,0.8055964653902798,0.7085492227979274,0.7539627842866987,772
Pse,0.8292682926829268,0.6472081218274112,0.7270135424091233,788
Syl,0.8613138686131386,0.9280898876404494,0.8934559221200649,890
macro avg,0.8184147075191588,0.8139231555736623,0.8133896462860681,5772
weighted avg,0.821147017151679,0.8215523215523216,0.8185806451263901,5772

Iteration_0
Confusion matrix not normalized
,,Alt,Big,Mac,Mil,Myc,Pse,Syl
,Alt,182,5,1,0,8,2,0
,Big,8,118,1,0,2,2,2
,Mac,9,10,107,8,7,9,5
,Mil,0,0,2,173,0,0,4
,Myc,18,2,12,2,111,9,0
,Pse,17,9,5,7,6,109,5
,Syl,1,1,1,8,0,0,167

Confusion matrix normalized
,,Alt,Big,Mac,Mil,Myc,Pse,Syl
,Alt,0.9191919191919192,0.025252525252525252,0.005050505050505051,0.0,0.04040404040404041,0.010101010101010102,0.0
,Big,0.06015037593984962,0.8872180451127819,0.007518796992481203,0.0,0.015037593984962405,0.015037593984962405,0.015037593984962405
,Mac,0.05806451612903226,0.06451612903225806,0.6903225806451613,0.05161290322580645,0.04516129032258064,0.05806451612903226,0.03225806451612903
,Mil,0.0,0.0,0.0111731843575419,0.9664804469273743,0.0,0.0,0.0223463687150838
,Myc,0.11688311688311688,0.012987012987012988,0.07792207792207792,0.012987012987012988,0.7207792207792207,0.05844155844155844,0.0
,Pse,0.10759493670886076,0.056962025316455694,0.03164556962025317,0.04430379746835443,0.0379746835443038,0.689873417721519,0.03164556962025317
,Syl,0.0056179775280898875,0.0056179775280898875,0.0056179775280898875,0.0449438202247191,0.0,0.0,0.9382022471910112

accuracy,0.8372294372294372

,precision,recall,f1-score,support
Alt,0.774468085106383,0.9191919191919192,0.840646651270208,198
Big,0.8137931034482758,0.8872180451127819,0.8489208633093526,133
Mac,0.8294573643410853,0.6903225806451613,0.7535211267605634,155
Mil,0.8737373737373737,0.9664804469273743,0.9177718832891246,179
Myc,0.8283582089552238,0.7207792207792207,0.7708333333333334,154
Pse,0.8320610687022901,0.689873417721519,0.754325259515571,158
Syl,0.912568306010929,0.9382022471910112,0.925207756232687,178
macro avg,0.8377776443287944,0.830295411081284,0.8301752676729771,1155
weighted avg,0.8381073735805665,0.8372294372294372,0.833775028982249,1155

Iteration_1
Confusion matrix not normalized
,,Alt,Big,Mac,Mil,Myc,Pse,Syl
,Alt,179,7,0,0,2,8,2
,Big,5,109,7,0,1,7,4
,Mac,5,4,119,2,9,4,12
,Mil,2,0,2,162,0,1,12
,Myc,13,2,20,5,102,8,4
,Pse,8,15,17,3,7,104,4
,Syl,1,0,1,8,0,0,168

Confusion matrix normalized
,,Alt,Big,Mac,Mil,Myc,Pse,Syl
,Alt,0.9040404040404041,0.03535353535353535,0.0,0.0,0.010101010101010102,0.04040404040404041,0.010101010101010102
,Big,0.03759398496240601,0.8195488721804511,0.05263157894736842,0.0,0.007518796992481203,0.05263157894736842,0.03007518796992481
,Mac,0.03225806451612903,0.025806451612903226,0.7677419354838709,0.012903225806451613,0.05806451612903226,0.025806451612903226,0.07741935483870968
,Mil,0.0111731843575419,0.0,0.0111731843575419,0.9050279329608939,0.0,0.00558659217877095,0.0670391061452514
,Myc,0.08441558441558442,0.012987012987012988,0.12987012987012986,0.032467532467532464,0.6623376623376623,0.05194805194805195,0.025974025974025976
,Pse,0.05063291139240506,0.0949367088607595,0.10759493670886076,0.0189873417721519,0.04430379746835443,0.6582278481012658,0.02531645569620253
,Syl,0.0056179775280898875,0.0,0.0056179775280898875,0.0449438202247191,0.0,0.0,0.9438202247191011

accuracy,0.8164502164502164

,precision,recall,f1-score,support
Alt,0.8403755868544601,0.9040404040404041,0.8710462287104623,198
Big,0.7956204379562044,0.8195488721804511,0.8074074074074075,133
Mac,0.7168674698795181,0.7677419354838709,0.7414330218068537,155
Mil,0.9,0.9050279329608939,0.902506963788301,179
Myc,0.8429752066115702,0.6623376623376623,0.7418181818181817,154
Pse,0.7878787878787878,0.6582278481012658,0.7172413793103448,158
Syl,0.8155339805825242,0.9438202247191011,0.8749999999999999,178
macro avg,0.8141787813947235,0.808677839974807,0.8080647404059358,1155
weighted avg,0.8172246070332496,0.8164502164502164,0.8135388236355492,1155

Iteration_2
Confusion matrix not normalized
,,Alt,Big,Mac,Mil,Myc,Pse,Syl
,Alt,177,6,2,0,11,1,1
,Big,3,113,5,0,3,4,5
,Mac,5,6,110,2,9,15,8
,Mil,4,0,1,160,0,3,10
,Myc,13,2,7,2,127,3,1
,Pse,8,14,7,0,4,121,3
,Syl,2,0,3,7,3,0,163

Confusion matrix normalized
,,Alt,Big,Mac,Mil,Myc,Pse,Syl
,Alt,0.8939393939393939,0.030303030303030304,0.010101010101010102,0.0,0.05555555555555555,0.005050505050505051,0.005050505050505051
,Big,0.022556390977443608,0.849624060150376,0.03759398496240601,0.0,0.022556390977443608,0.03007518796992481,0.03759398496240601
,Mac,0.03225806451612903,0.03870967741935484,0.7096774193548387,0.012903225806451613,0.05806451612903226,0.0967741935483871,0.05161290322580645
,Mil,0.02247191011235955,0.0,0.0056179775280898875,0.898876404494382,0.0,0.016853932584269662,0.056179775280898875
,Myc,0.08387096774193549,0.012903225806451613,0.04516129032258064,0.012903225806451613,0.8193548387096774,0.01935483870967742,0.0064516129032258064
,Pse,0.050955414012738856,0.08917197452229299,0.044585987261146494,0.0,0.025477707006369428,0.7707006369426752,0.01910828025477707
,Syl,0.011235955056179775,0.0,0.016853932584269662,0.03932584269662921,0.016853932584269662,0.0,0.9157303370786517

accuracy,0.841421143847487

,precision,recall,f1-score,support
Alt,0.8349056603773585,0.8939393939393939,0.8634146341463415,198
Big,0.8014184397163121,0.849624060150376,0.8248175182481753,133
Mac,0.8148148148148148,0.7096774193548387,0.7586206896551724,155
Mil,0.935672514619883,0.898876404494382,0.9169054441260744,178
Myc,0.8089171974522293,0.8193548387096774,0.8141025641025641,155
Pse,0.8231292517006803,0.7707006369426752,0.7960526315789475,157
Syl,0.8534031413612565,0.9157303370786517,0.8834688346883468,178
macro avg,0.8388944314346478,0.836843298667142,0.8367689023636603,1154
weighted avg,0.841650948370908,0.841421143847487,0.8404469814621264,1154

Iteration_3
Confusion matrix not normalized
,,Alt,Big,Mac,Mil,Myc,Pse,Syl
,Alt,178,6,1,1,8,2,1
,Big,10,109,4,0,1,2,7
,Mac,2,10,122,2,13,3,3
,Mil,0,0,4,167,0,0,8
,Myc,15,6,5,3,121,5,0
,Pse,8,15,14,8,11,96,5
,Syl,0,1,0,6,1,0,170

Confusion matrix normalized
,,Alt,Big,Mac,Mil,Myc,Pse,Syl
,Alt,0.9035532994923858,0.030456852791878174,0.005076142131979695,0.005076142131979695,0.04060913705583756,0.01015228426395939,0.005076142131979695
,Big,0.07518796992481203,0.8195488721804511,0.03007518796992481,0.0,0.007518796992481203,0.015037593984962405,0.05263157894736842
,Mac,0.012903225806451613,0.06451612903225806,0.7870967741935484,0.012903225806451613,0.08387096774193549,0.01935483870967742,0.01935483870967742
,Mil,0.0,0.0,0.0223463687150838,0.9329608938547486,0.0,0.0,0.0446927374301676
,Myc,0.0967741935483871,0.03870967741935484,0.03225806451612903,0.01935483870967742,0.7806451612903226,0.03225806451612903,0.0
,Pse,0.050955414012738856,0.09554140127388536,0.08917197452229299,0.050955414012738856,0.07006369426751592,0.6114649681528662,0.03184713375796178
,Syl,0.0,0.0056179775280898875,0.0,0.033707865168539325,0.0056179775280898875,0.0,0.9550561797752809

accuracy,0.8344887348353552

,precision,recall,f1-score,support
Alt,0.8356807511737089,0.9035532994923858,0.8682926829268293,197
Big,0.7414965986394558,0.8195488721804511,0.7785714285714286,133
Mac,0.8133333333333334,0.7870967741935484,0.7999999999999999,155
Mil,0.893048128342246,0.9329608938547486,0.912568306010929,179
Myc,0.7806451612903226,0.7806451612903226,0.7806451612903226,155
Pse,0.8888888888888888,0.6114649681528662,0.7245283018867925,157
Syl,0.8762886597938144,0.9550561797752809,0.913978494623656,178
macro avg,0.8327687887802527,0.8271894498485147,0.8255120536157082,1154
weighted avg,0.836833079929854,0.8344887348353552,0.831362652297902,1154

Iteration_4
Confusion matrix not normalized
,,Alt,Big,Mac,Mil,Myc,Pse,Syl
,Alt,187,2,5,0,1,1,1
,Big,8,103,8,0,2,4,8
,Mac,8,7,119,1,7,9,4
,Mil,1,0,4,165,0,0,9
,Myc,28,3,28,3,86,3,3
,Pse,6,15,34,11,10,80,2
,Syl,2,0,2,10,6,0,158

Confusion matrix normalized
,,Alt,Big,Mac,Mil,Myc,Pse,Syl
,Alt,0.949238578680203,0.01015228426395939,0.025380710659898477,0.0,0.005076142131979695,0.005076142131979695,0.005076142131979695
,Big,0.06015037593984962,0.7744360902255639,0.06015037593984962,0.0,0.015037593984962405,0.03007518796992481,0.06015037593984962
,Mac,0.05161290322580645,0.04516129032258064,0.7677419354838709,0.0064516129032258064,0.04516129032258064,0.05806451612903226,0.025806451612903226
,Mil,0.00558659217877095,0.0,0.0223463687150838,0.9217877094972067,0.0,0.0,0.05027932960893855
,Myc,0.18181818181818182,0.01948051948051948,0.18181818181818182,0.01948051948051948,0.5584415584415584,0.01948051948051948,0.01948051948051948
,Pse,0.0379746835443038,0.0949367088607595,0.21518987341772153,0.06962025316455696,0.06329113924050633,0.5063291139240507,0.012658227848101266
,Syl,0.011235955056179775,0.0,0.011235955056179775,0.056179775280898875,0.033707865168539325,0.0,0.8876404494382022

accuracy,0.7781629116117851

,precision,recall,f1-score,support
Alt,0.7791666666666667,0.949238578680203,0.8558352402745995,197
Big,0.7923076923076923,0.7744360902255639,0.7832699619771863,133
Mac,0.595,0.7677419354838709,0.6704225352112675,155
Mil,0.868421052631579,0.9217877094972067,0.894308943089431,179
Myc,0.7678571428571429,0.5584415584415584,0.6466165413533834,154
Pse,0.8247422680412371,0.5063291139240507,0.627450980392157,158
Syl,0.8540540540540541,0.8876404494382022,0.8705234159779616,178
macro avg,0.7830784109369102,0.7665164908129508,0.764061088325141,1154
weighted avg,0.7860710786858286,0.7781629116117851,0.7716123148719891,1154

svc
Result global
Confusion matrix not normalized
,,Alt,Big,Mac,Mil,Myc,Pse,Syl
,Alt,711,1,30,146,52,9,39
,Big,204,191,25,48,32,124,41
,Mac,40,19,393,108,101,83,31
,Mil,28,0,14,660,31,1,160
,Myc,77,0,84,85,478,44,4
,Pse,95,63,72,67,96,389,6
,Syl,13,1,21,37,2,0,816

Confusion matrix normalized
,,Alt,Big,Mac,Mil,Myc,Pse,Syl
,Alt,0.7196356275303644,0.0010121457489878543,0.030364372469635626,0.14777327935222673,0.05263157894736842,0.009109311740890687,0.039473684210526314
,Big,0.3067669172932331,0.28721804511278193,0.03759398496240601,0.07218045112781955,0.0481203007518797,0.18646616541353384,0.061654135338345864
,Mac,0.05161290322580645,0.024516129032258065,0.5070967741935484,0.1393548387096774,0.13032258064516128,0.10709677419354839,0.04
,Mil,0.03131991051454139,0.0,0.015659955257270694,0.738255033557047,0.03467561521252797,0.0011185682326621924,0.1789709172259508
,Myc,0.09974093264248704,0.0,0.10880829015544041,0.11010362694300518,0.6191709844559585,0.05699481865284974,0.0051813471502590676
,Pse,0.12055837563451777,0.0799492385786802,0.09137055837563451,0.0850253807106599,0.1218274111675127,0.4936548223350254,0.007614213197969543
,Syl,0.014606741573033709,0.0011235955056179776,0.02359550561797753,0.04157303370786517,0.0022471910112359553,0.0,0.9168539325842696

accuracy,0.6302841302841303

,precision,recall,f1-score,support
Alt,0.6087328767123288,0.7196356275303644,0.6595547309833024,988
Big,0.6945454545454546,0.28721804511278193,0.40638297872340423,665
Mac,0.6150234741784038,0.5070967741935484,0.5558698727015559,775
Mil,0.573414422241529,0.738255033557047,0.6454767726161369,894
Myc,0.6035353535353535,0.6191709844559585,0.6112531969309464,772
Pse,0.5984615384615385,0.4936548223350254,0.5410292072322671,788
Syl,0.7438468550592525,0.9168539325842696,0.8213387015601409,890
macro avg,0.6339371392476943,0.6116978885384279,0.605843637249679,5772
weighted avg,0.6327299344553738,0.6302841302841303,0.616588716015825,5772

Iteration_0
Confusion matrix not normalized
,,Alt,Big,Mac,Mil,Myc,Pse,Syl
,Alt,141,1,6,31,7,1,11
,Big,45,35,6,8,9,26,4
,Mac,9,3,78,27,21,13,4
,Mil,2,0,0,135,8,0,34
,Myc,17,0,19,19,95,2,2
,Pse,23,13,14,15,31,61,1
,Syl,0,0,8,7,0,0,163

Confusion matrix normalized
,,Alt,Big,Mac,Mil,Myc,Pse,Syl
,Alt,0.7121212121212122,0.005050505050505051,0.030303030303030304,0.15656565656565657,0.03535353535353535,0.005050505050505051,0.05555555555555555
,Big,0.3383458646616541,0.2631578947368421,0.045112781954887216,0.06015037593984962,0.06766917293233082,0.19548872180451127,0.03007518796992481
,Mac,0.05806451612903226,0.01935483870967742,0.5032258064516129,0.17419354838709677,0.13548387096774195,0.08387096774193549,0.025806451612903226
,Mil,0.0111731843575419,0.0,0.0,0.7541899441340782,0.0446927374301676,0.0,0.18994413407821228
,Myc,0.11038961038961038,0.0,0.12337662337662338,0.12337662337662338,0.6168831168831169,0.012987012987012988,0.012987012987012988
,Pse,0.14556962025316456,0.08227848101265822,0.08860759493670886,0.0949367088607595,0.1962025316455696,0.3860759493670886,0.006329113924050633
,Syl,0.0,0.0,0.0449438202247191,0.03932584269662921,0.0,0.0,0.9157303370786517

accuracy,0.612987012987013

,precision,recall,f1-score,support
Alt,0.5949367088607594,0.7121212121212122,0.6482758620689656,198
Big,0.6730769230769231,0.2631578947368421,0.3783783783783784,133
Mac,0.5954198473282443,0.5032258064516129,0.5454545454545454,155
Mil,0.5578512396694215,0.7541899441340782,0.6413301662707839,179
Myc,0.5555555555555556,0.6168831168831169,0.5846153846153846,154
Pse,0.5922330097087378,0.3860759493670886,0.46743295019157083,158
Syl,0.7442922374429224,0.9157303370786517,0.8211586901763225,178
macro avg,0.6161950745203664,0.5930548943960862,0.583806568165136,1155
weighted avg,0.6156489495365729,0.612987012987013,0.5957384602028807,1155

Iteration_1
Confusion matrix not normalized
,,Alt,Big,Mac,Mil,Myc,Pse,Syl
,Alt,143,0,7,27,10,3,8
,Big,44,41,7,7,5,25,4
,Mac,10,3,77,17,24,17,7
,Mil,1,0,4,137,5,0,32
,Myc,9,0,20,20,95,10,0
,Pse,14,13,14,14,18,84,1
,Syl,2,0,2,7,0,0,167

Confusion matrix normalized
,,Alt,Big,Mac,Mil,Myc,Pse,Syl
,Alt,0.7222222222222222,0.0,0.03535353535353535,0.13636363636363635,0.050505050505050504,0.015151515151515152,0.04040404040404041
,Big,0.3308270676691729,0.3082706766917293,0.05263157894736842,0.05263157894736842,0.03759398496240601,0.18796992481203006,0.03007518796992481
,Mac,0.06451612903225806,0.01935483870967742,0.4967741935483871,0.10967741935483871,0.15483870967741936,0.10967741935483871,0.04516129032258064
,Mil,0.00558659217877095,0.0,0.0223463687150838,0.7653631284916201,0.027932960893854747,0.0,0.1787709497206704
,Myc,0.05844155844155844,0.0,0.12987012987012986,0.12987012987012986,0.6168831168831169,0.06493506493506493,0.0
,Pse,0.08860759493670886,0.08227848101265822,0.08860759493670886,0.08860759493670886,0.11392405063291139,0.5316455696202531,0.006329113924050633
,Syl,0.011235955056179775,0.0,0.011235955056179775,0.03932584269662921,0.0,0.0,0.9382022471910112

accuracy,0.6441558441558441

,precision,recall,f1-score,support
Alt,0.6412556053811659,0.7222222222222222,0.679334916864608,198
Big,0.7192982456140351,0.3082706766917293,0.431578947368421,133
Mac,0.5877862595419847,0.4967741935483871,0.5384615384615384,155
Mil,0.5982532751091703,0.7653631284916201,0.6715686274509803,179
Myc,0.6050955414012739,0.6168831168831169,0.6109324758842444,154
Pse,0.60431654676259,0.5316455696202531,0.5656565656565656,158
Syl,0.7625570776255708,0.9382022471910112,0.8413098236775819,178
macro avg,0.6455089359193986,0.62562302209262,0.6198346993377057,1155
weighted avg,0.6452219658764706,0.6441558441558441,0.630987985791322,1155

Iteration_2
Confusion matrix not normalized
,,Alt,Big,Mac,Mil,Myc,Pse,Syl
,Alt,149,0,5,29,10,2,3
,Big,31,38,3,14,7,31,9
,Mac,10,7,78,24,18,12,6
,Mil,8,0,2,124,8,0,36
,Myc,21,0,17,12,91,14,0
,Pse,20,13,16,6,12,87,3
,Syl,8,0,2,9,0,0,159

Confusion matrix normalized
,,Alt,Big,Mac,Mil,Myc,Pse,Syl
,Alt,0.7525252525252525,0.0,0.025252525252525252,0.14646464646464646,0.050505050505050504,0.010101010101010102,0.015151515151515152
,Big,0.23308270676691728,0.2857142857142857,0.022556390977443608,0.10526315789473684,0.05263157894736842,0.23308270676691728,0.06766917293233082
,Mac,0.06451612903225806,0.04516129032258064,0.5032258064516129,0.15483870967741936,0.11612903225806452,0.07741935483870968,0.03870967741935484
,Mil,0.0449438202247191,0.0,0.011235955056179775,0.6966292134831461,0.0449438202247191,0.0,0.20224719101123595
