B3
Confusion matrix not normalized
,,Alt,Big,Mac,Mil,Myc,Pse,Syl
,Alt,457,12,0,0,15,6,4
,Big,26,259,14,0,7,13,13
,Mac,4,15,291,3,14,33,15
,Mil,0,1,1,37,0,4,7
,Myc,15,8,12,0,330,16,3
,Pse,10,23,33,0,22,294,8
,Syl,3,0,1,1,1,1,421

Confusion matrix normalized
,,Alt,Big,Mac,Mil,Myc,Pse,Syl
,Alt,0.9251012145748988,0.024291497975708502,0.0,0.0,0.030364372469635626,0.012145748987854251,0.008097165991902834
,Big,0.0783132530120482,0.7801204819277109,0.04216867469879518,0.0,0.02108433734939759,0.0391566265060241,0.0391566265060241
,Mac,0.010666666666666666,0.04,0.776,0.008,0.037333333333333336,0.088,0.04
,Mil,0.0,0.02,0.02,0.74,0.0,0.08,0.14
,Myc,0.0390625,0.020833333333333332,0.03125,0.0,0.859375,0.041666666666666664,0.0078125
,Pse,0.02564102564102564,0.05897435897435897,0.08461538461538462,0.0,0.05641025641025641,0.7538461538461538,0.020512820512820513
,Syl,0.007009345794392523,0.0,0.002336448598130841,0.002336448598130841,0.002336448598130841,0.002336448598130841,0.9836448598130841

accuracy,0.8516102731349368

,precision,recall,f1-score,support
Alt,0.887378640776699,0.9251012145748988,0.9058473736372646,494
Big,0.8144654088050315,0.7801204819277109,0.7969230769230771,332
Mac,0.8267045454545454,0.776,0.8005502063273728,375
Mil,0.9024390243902439,0.74,0.8131868131868132,50
Myc,0.8483290488431876,0.859375,0.8538163001293662,384
Pse,0.8010899182561307,0.7538461538461538,0.7767503302509907,390
Syl,0.8938428874734607,0.9836448598130841,0.9365962180200222,428
macro avg,0.8534642105713284,0.8311553871659783,0.8405243312107009,2453
weighted avg,0.8498377084167317,0.8516102731349368,0.8498141057918909,2453

B4
Confusion matrix not normalized
,,Alt,Big,Mac,Mil,Myc,Pse,Syl
,Alt,456,10,0,0,23,3,2
,Big,40,242,9,1,14,22,4
,Mac,2,12,287,3,20,44,7
,Mil,1,0,2,37,0,5,5
,Myc,16,4,8,0,344,11,1
,Pse,13,24,34,0,28,286,5
,Syl,1,2,4,2,2,3,414

Confusion matrix normalized
,,Alt,Big,Mac,Mil,Myc,Pse,Syl
,Alt,0.9230769230769231,0.020242914979757085,0.0,0.0,0.0465587044534413,0.006072874493927126,0.004048582995951417
,Big,0.12048192771084337,0.7289156626506024,0.02710843373493976,0.0030120481927710845,0.04216867469879518,0.06626506024096386,0.012048192771084338
,Mac,0.005333333333333333,0.032,0.7653333333333333,0.008,0.05333333333333334,0.11733333333333333,0.018666666666666668
,Mil,0.02,0.0,0.04,0.74,0.0,0.1,0.1
,Myc,0.041666666666666664,0.010416666666666666,0.020833333333333332,0.0,0.8958333333333334,0.028645833333333332,0.0026041666666666665
,Pse,0.03333333333333333,0.06153846153846154,0.08717948717948718,0.0,0.07179487179487179,0.7333333333333333,0.01282051282051282
,Syl,0.002336448598130841,0.004672897196261682,0.009345794392523364,0.004672897196261682,0.004672897196261682,0.007009345794392523,0.9672897196261683

accuracy,0.8422339991846718

,precision,recall,f1-score,support
Alt,0.8620037807183365,0.9230769230769231,0.8914956011730206,494
Big,0.8231292517006803,0.7289156626506024,0.7731629392971247,332
Mac,0.8343023255813954,0.7653333333333333,0.7983310152990264,375
Mil,0.8604651162790697,0.74,0.7956989247311828,50
Myc,0.7981438515081206,0.8958333333333334,0.8441717791411042,384
Pse,0.7647058823529411,0.7333333333333333,0.7486910994764396,390
Syl,0.9452054794520548,0.9672897196261683,0.956120092378753,428
macro avg,0.8411365267989426,0.8219689007648133,0.8296673502138072,2453
weighted avg,0.8415270629631901,0.8422339991846718,0.8404479785258514,2453

B5
Confusion matrix not normalized
,,Alt,Big,Mac,Mil,Myc,Pse,Syl
,Alt,440,25,4,0,20,2,3
,Big,31,255,8,1,14,19,4
,Mac,6,10,294,3,20,35,7
,Mil,0,1,1,35,1,6,6
,Myc,20,7,14,1,330,11,1
,Pse,13,24,44,0,24,283,2
,Syl,0,2,2,5,2,1,416

Confusion matrix normalized
,,Alt,Big,Mac,Mil,Myc,Pse,Syl
,Alt,0.8906882591093117,0.05060728744939271,0.008097165991902834,0.0,0.04048582995951417,0.004048582995951417,0.006072874493927126
,Big,0.09337349397590361,0.7680722891566265,0.024096385542168676,0.0030120481927710845,0.04216867469879518,0.0572289156626506,0.012048192771084338
,Mac,0.016,0.02666666666666667,0.784,0.008,0.05333333333333334,0.09333333333333334,0.018666666666666668
,Mil,0.0,0.02,0.02,0.7,0.02,0.12,0.12
,Myc,0.052083333333333336,0.018229166666666668,0.036458333333333336,0.0026041666666666665,0.859375,0.028645833333333332,0.0026041666666666665
,Pse,0.03333333333333333,0.06153846153846154,0.11282051282051282,0.0,0.06153846153846154,0.7256410256410256,0.005128205128205128
,Syl,0.0,0.004672897196261682,0.004672897196261682,0.011682242990654205,0.004672897196261682,0.002336448598130841,0.9719626168224299

accuracy,0.8369343660823482

,precision,recall,f1-score,support
Alt,0.8627450980392157,0.8906882591093117,0.8764940239043825,494
Big,0.7870370370370371,0.7680722891566265,0.777439024390244,332
Mac,0.8010899182561307,0.784,0.7924528301886793,375
Mil,0.7777777777777778,0.7,0.7368421052631577,50
Myc,0.8029197080291971,0.859375,0.8301886792452831,384
Pse,0.7927170868347339,0.7256410256410256,0.7576974564926372,390
Syl,0.9476082004555809,0.9719626168224299,0.9596309111880047,428
macro avg,0.8245564037756675,0.8142484558184849,0.8186778615246268,2453
weighted avg,0.8356490519797608,0.8369343660823482,0.835762825658794,2453

B6
Confusion matrix not normalized
,,Alt,Big,Mac,Mil,Myc,Pse,Syl
,Alt,450,13,2,0,17,9,3
,Big,27,256,17,1,8,18,5
,Mac,3,13,288,2,15,42,12
,Mil,0,0,1,33,0,5,11
,Myc,21,10,17,2,316,15,3
,Pse,12,27,33,1,24,288,5
,Syl,1,1,2,3,2,4,415

Confusion matrix normalized
,,Alt,Big,Mac,Mil,Myc,Pse,Syl
,Alt,0.9109311740890689,0.02631578947368421,0.004048582995951417,0.0,0.03441295546558704,0.018218623481781375,0.006072874493927126
,Big,0.08132530120481928,0.7710843373493976,0.05120481927710843,0.0030120481927710845,0.024096385542168676,0.05421686746987952,0.015060240963855422
,Mac,0.008,0.034666666666666665,0.768,0.005333333333333333,0.04,0.112,0.032
,Mil,0.0,0.0,0.02,0.66,0.0,0.1,0.22
,Myc,0.0546875,0.026041666666666668,0.044270833333333336,0.005208333333333333,0.8229166666666666,0.0390625,0.0078125
,Pse,0.03076923076923077,0.06923076923076923,0.08461538461538462,0.002564102564102564,0.06153846153846154,0.7384615384615385,0.01282051282051282
,Syl,0.002336448598130841,0.002336448598130841,0.004672897196261682,0.007009345794392523,0.004672897196261682,0.009345794392523364,0.969626168224299

accuracy,0.8340807174887892

,precision,recall,f1-score,support
Alt,0.8754863813229572,0.9109311740890689,0.8928571428571428,494
Big,0.8,0.7710843373493976,0.7852760736196319,332
Mac,0.8,0.768,0.7836734693877552,375
Mil,0.7857142857142857,0.66,0.717391304347826,50
Myc,0.8272251308900523,0.8229166666666666,0.8250652741514359,384
Pse,0.7559055118110236,0.7384615384615385,0.7470817120622568,390
Syl,0.9140969162995595,0.969626168224299,0.9410430839002267,428
macro avg,0.8226326037196969,0.8058599835415672,0.8131982943323252,2453
weighted avg,0.8320697377511399,0.8340807174887892,0.8326471969582855,2453

VGG16
Confusion matrix not normalized
,,Alt,Big,Mac,Mil,Myc,Pse,Syl
,Alt,426,14,8,0,14,27,5
,Big,20,230,28,1,7,38,8
,Mac,2,9,263,3,12,67,19
,Mil,0,0,2,25,1,11,11
,Myc,24,10,28,1,280,36,5
,Pse,9,25,45,0,21,274,16
,Syl,1,1,10,1,2,2,411

Confusion matrix normalized
,,Alt,Big,Mac,Mil,Myc,Pse,Syl
,Alt,0.8623481781376519,0.02834008097165992,0.016194331983805668,0.0,0.02834008097165992,0.05465587044534413,0.010121457489878543
,Big,0.060240963855421686,0.6927710843373494,0.08433734939759036,0.0030120481927710845,0.02108433734939759,0.1144578313253012,0.024096385542168676
,Mac,0.005333333333333333,0.024,0.7013333333333334,0.008,0.032,0.17866666666666667,0.050666666666666665
,Mil,0.0,0.0,0.04,0.5,0.02,0.22,0.22
,Myc,0.0625,0.026041666666666668,0.07291666666666667,0.0026041666666666665,0.7291666666666666,0.09375,0.013020833333333334
,Pse,0.023076923076923078,0.0641025641025641,0.11538461538461539,0.0,0.05384615384615385,0.7025641025641025,0.041025641025641026
,Syl,0.002336448598130841,0.002336448598130841,0.02336448598130841,0.002336448598130841,0.004672897196261682,0.004672897196261682,0.9602803738317757

accuracy,0.7782307378719935

,precision,recall,f1-score,support
Alt,0.8838174273858921,0.8623481781376519,0.8729508196721312,494
Big,0.7958477508650519,0.6927710843373494,0.7407407407407407,332
Mac,0.6848958333333334,0.7013333333333334,0.6930171277997365,375
Mil,0.8064516129032258,0.5,0.6172839506172839,50
Myc,0.8308605341246291,0.7291666666666666,0.7766990291262136,384
Pse,0.6021978021978022,0.7025641025641025,0.6485207100591716,390
Syl,0.8652631578947368,0.9602803738317757,0.9102990033222591,428
macro avg,0.7813334455292387,0.7354948198386969,0.7513587687625052,2453
weighted avg,0.7836225030986291,0.7782307378719935,0.7781054744513632,2453

