linear_auto
Result global
Confusion matrix not normalized
,,Alt,Big,Mac,Mil,Myc,Pse,Syl
,Alt,850,21,16,9,79,13,0
,Big,41,556,29,0,16,21,2
,Mac,14,19,544,64,61,64,9
,Mil,0,0,11,870,0,2,11
,Myc,52,11,81,29,527,71,1
,Pse,37,65,56,38,75,517,0
,Syl,7,21,39,86,28,11,698

Confusion matrix normalized
,,Alt,Big,Mac,Mil,Myc,Pse,Syl
,Alt,0.8603238866396761,0.02125506072874494,0.016194331983805668,0.009109311740890687,0.07995951417004049,0.013157894736842105,0.0
,Big,0.061654135338345864,0.8360902255639098,0.04360902255639098,0.0,0.02406015037593985,0.031578947368421054,0.0030075187969924814
,Mac,0.01806451612903226,0.024516129032258065,0.7019354838709677,0.08258064516129032,0.07870967741935483,0.08258064516129032,0.011612903225806452
,Mil,0.0,0.0,0.012304250559284116,0.9731543624161074,0.0,0.0022371364653243847,0.012304250559284116
,Myc,0.06735751295336788,0.014248704663212436,0.10492227979274611,0.03756476683937824,0.6826424870466321,0.09196891191709844,0.0012953367875647669
,Pse,0.046954314720812185,0.08248730964467005,0.07106598984771574,0.048223350253807105,0.09517766497461928,0.6560913705583756,0.0
,Syl,0.007865168539325843,0.02359550561797753,0.043820224719101124,0.09662921348314607,0.03146067415730337,0.012359550561797753,0.7842696629213484

accuracy,0.7903672903672904

,precision,recall,f1-score,support
Alt,0.8491508491508492,0.8603238866396761,0.8547008547008548,988
Big,0.8023088023088023,0.8360902255639098,0.8188512518409425,665
Mac,0.7010309278350515,0.7019354838709677,0.7014829142488717,775
Mil,0.7937956204379562,0.9731543624161074,0.8743718592964824,894
Myc,0.6704834605597965,0.6826424870466321,0.6765083440308087,772
Pse,0.7396280400572246,0.6560913705583756,0.695359784801614,788
Syl,0.9680998613037448,0.7842696629213484,0.8665425201738051,890
macro avg,0.7892139373790609,0.784929639859574,0.7839739327276256,5772
weighted avg,0.7947847626330006,0.7903672903672904,0.7892843074571629,5772

Iteration_0
Confusion matrix not normalized
,,Alt,Big,Mac,Mil,Myc,Pse,Syl
,Alt,174,3,4,0,17,0,0
,Big,4,115,5,0,5,4,0
,Mac,2,6,108,16,10,12,1
,Mil,0,0,2,176,0,0,1
,Myc,12,0,18,6,109,9,0
,Pse,13,13,8,10,20,94,0
,Syl,1,8,15,17,4,2,131

Confusion matrix normalized
,,Alt,Big,Mac,Mil,Myc,Pse,Syl
,Alt,0.8787878787878788,0.015151515151515152,0.020202020202020204,0.0,0.08585858585858586,0.0,0.0
,Big,0.03007518796992481,0.8646616541353384,0.03759398496240601,0.0,0.03759398496240601,0.03007518796992481,0.0
,Mac,0.012903225806451613,0.03870967741935484,0.6967741935483871,0.1032258064516129,0.06451612903225806,0.07741935483870968,0.0064516129032258064
,Mil,0.0,0.0,0.0111731843575419,0.9832402234636871,0.0,0.0,0.00558659217877095
,Myc,0.07792207792207792,0.0,0.11688311688311688,0.03896103896103896,0.7077922077922078,0.05844155844155844,0.0
,Pse,0.08227848101265822,0.08227848101265822,0.05063291139240506,0.06329113924050633,0.12658227848101267,0.5949367088607594,0.0
,Syl,0.0056179775280898875,0.0449438202247191,0.08426966292134831,0.09550561797752809,0.02247191011235955,0.011235955056179775,0.7359550561797753

accuracy,0.7852813852813852

,precision,recall,f1-score,support
Alt,0.8446601941747572,0.8787878787878788,0.8613861386138614,198
Big,0.7931034482758621,0.8646616541353384,0.827338129496403,133
Mac,0.675,0.6967741935483871,0.6857142857142857,155
Mil,0.7822222222222223,0.9832402234636871,0.8712871287128713,179
Myc,0.6606060606060606,0.7077922077922078,0.683385579937304,154
Pse,0.7768595041322314,0.5949367088607594,0.6738351254480286,158
Syl,0.9849624060150376,0.7359550561797753,0.842443729903537,178
macro avg,0.788201976489453,0.780306846109719,0.7779128739751844,1155
weighted avg,0.7940854529021403,0.7852813852813852,0.7831158874873136,1155

Iteration_1
Confusion matrix not normalized
,,Alt,Big,Mac,Mil,Myc,Pse,Syl
,Alt,173,6,1,4,10,4,0
,Big,7,111,5,0,4,6,0
,Mac,4,5,99,13,17,15,2
,Mil,0,0,2,172,0,0,5
,Myc,10,4,16,8,99,16,1
,Pse,7,15,12,7,11,106,0
,Syl,2,3,3,16,5,2,147

Confusion matrix normalized
,,Alt,Big,Mac,Mil,Myc,Pse,Syl
,Alt,0.8737373737373737,0.030303030303030304,0.005050505050505051,0.020202020202020204,0.050505050505050504,0.020202020202020204,0.0
,Big,0.05263157894736842,0.8345864661654135,0.03759398496240601,0.0,0.03007518796992481,0.045112781954887216,0.0
,Mac,0.025806451612903226,0.03225806451612903,0.6387096774193548,0.08387096774193549,0.10967741935483871,0.0967741935483871,0.012903225806451613
,Mil,0.0,0.0,0.0111731843575419,0.9608938547486033,0.0,0.0,0.027932960893854747
,Myc,0.06493506493506493,0.025974025974025976,0.1038961038961039,0.05194805194805195,0.6428571428571429,0.1038961038961039,0.006493506493506494
,Pse,0.04430379746835443,0.0949367088607595,0.0759493670886076,0.04430379746835443,0.06962025316455696,0.6708860759493671,0.0
,Syl,0.011235955056179775,0.016853932584269662,0.016853932584269662,0.0898876404494382,0.028089887640449437,0.011235955056179775,0.8258426966292135

accuracy,0.7852813852813852

,precision,recall,f1-score,support
Alt,0.8522167487684729,0.8737373737373737,0.8628428927680798,198
Big,0.7708333333333334,0.8345864661654135,0.8014440433212997,133
Mac,0.717391304347826,0.6387096774193548,0.6757679180887372,155
Mil,0.7818181818181819,0.9608938547486033,0.862155388471178,179
Myc,0.678082191780822,0.6428571428571429,0.6599999999999999,154
Pse,0.7114093959731543,0.6708860759493671,0.6905537459283387,158
Syl,0.9483870967741935,0.8258426966292135,0.882882882882883,178
macro avg,0.7800197503994263,0.7782161839294955,0.7765209816372166,1155
weighted avg,0.7861827719763375,0.7852813852813852,0.7830350107183883,1155

Iteration_2
Confusion matrix not normalized
,,Alt,Big,Mac,Mil,Myc,Pse,Syl
,Alt,171,4,4,2,13,4,0
,Big,9,112,4,0,3,4,1
,Mac,5,2,114,10,11,10,3
,Mil,0,0,2,173,0,0,3
,Myc,10,5,15,4,107,14,0
,Pse,5,16,19,5,12,100,0
,Syl,1,2,7,19,4,0,145

Confusion matrix normalized
,,Alt,Big,Mac,Mil,Myc,Pse,Syl
,Alt,0.8636363636363636,0.020202020202020204,0.020202020202020204,0.010101010101010102,0.06565656565656566,0.020202020202020204,0.0
,Big,0.06766917293233082,0.8421052631578947,0.03007518796992481,0.0,0.022556390977443608,0.03007518796992481,0.007518796992481203
,Mac,0.03225806451612903,0.012903225806451613,0.7354838709677419,0.06451612903225806,0.07096774193548387,0.06451612903225806,0.01935483870967742
,Mil,0.0,0.0,0.011235955056179775,0.9719101123595506,0.0,0.0,0.016853932584269662
,Myc,0.06451612903225806,0.03225806451612903,0.0967741935483871,0.025806451612903226,0.6903225806451613,0.09032258064516129,0.0
,Pse,0.03184713375796178,0.10191082802547771,0.12101910828025478,0.03184713375796178,0.07643312101910828,0.6369426751592356,0.0
,Syl,0.0056179775280898875,0.011235955056179775,0.03932584269662921,0.10674157303370786,0.02247191011235955,0.0,0.8146067415730337

accuracy,0.7989601386481803

,precision,recall,f1-score,support
Alt,0.8507462686567164,0.8636363636363636,0.8571428571428571,198
Big,0.7943262411347518,0.8421052631578947,0.8175182481751824,133
Mac,0.6909090909090909,0.7354838709677419,0.7125000000000001,155
Mil,0.812206572769953,0.9719101123595506,0.8849104859335039,178
Myc,0.7133333333333334,0.6903225806451613,0.7016393442622951,155
Pse,0.7575757575757576,0.6369426751592356,0.6920415224913494,157
Syl,0.9539473684210527,0.8146067415730337,0.8787878787878789,178
macro avg,0.7961492332572365,0.7935725153569974,0.7920771909704382,1154
weighted avg,0.8016165706186488,0.7989601386481803,0.7974216976029365,1154

Iteration_3
Confusion matrix not normalized
,,Alt,Big,Mac,Mil,Myc,Pse,Syl
,Alt,168,6,5,1,14,3,0
,Big,10,107,9,0,3,4,0
,Mac,3,1,116,10,11,13,1
,Mil,0,0,2,176,0,1,0
,Myc,12,1,20,5,94,23,0
,Pse,4,11,13,9,18,102,0
,Syl,2,6,7,17,3,3,140

Confusion matrix normalized
,,Alt,Big,Mac,Mil,Myc,Pse,Syl
,Alt,0.8527918781725888,0.030456852791878174,0.025380710659898477,0.005076142131979695,0.07106598984771574,0.015228426395939087,0.0
,Big,0.07518796992481203,0.8045112781954887,0.06766917293233082,0.0,0.022556390977443608,0.03007518796992481,0.0
,Mac,0.01935483870967742,0.0064516129032258064,0.7483870967741936,0.06451612903225806,0.07096774193548387,0.08387096774193549,0.0064516129032258064
,Mil,0.0,0.0,0.0111731843575419,0.9832402234636871,0.0,0.00558659217877095,0.0
,Myc,0.07741935483870968,0.0064516129032258064,0.12903225806451613,0.03225806451612903,0.6064516129032258,0.14838709677419354,0.0
,Pse,0.025477707006369428,0.07006369426751592,0.08280254777070063,0.05732484076433121,0.11464968152866242,0.6496815286624203,0.0
,Syl,0.011235955056179775,0.033707865168539325,0.03932584269662921,0.09550561797752809,0.016853932584269662,0.016853932584269662,0.7865168539325843

accuracy,0.7824956672443674

,precision,recall,f1-score,support
Alt,0.8442211055276382,0.8527918781725888,0.8484848484848484,197
Big,0.8106060606060606,0.8045112781954887,0.8075471698113208,133
Mac,0.6744186046511628,0.7483870967741936,0.7094801223241591,155
Mil,0.8073394495412844,0.9832402234636871,0.8866498740554157,179
Myc,0.6573426573426573,0.6064516129032258,0.6308724832214765,155
Pse,0.6845637583892618,0.6496815286624203,0.6666666666666667,157
Syl,0.9929078014184397,0.7865168539325843,0.877742946708464,178
macro avg,0.7816284910680721,0.7759400674434555,0.7753491587531931,1154
weighted avg,0.7879315594853372,0.7824956672443674,0.7815642818307513,1154

Iteration_4
Confusion matrix not normalized
,,Alt,Big,Mac,Mil,Myc,Pse,Syl
,Alt,164,2,2,2,25,2,0
,Big,11,111,6,0,1,3,1
,Mac,0,5,107,15,12,14,2
,Mil,0,0,3,173,0,1,2
,Myc,8,1,12,6,118,9,0
,Pse,8,10,4,7,14,115,0
,Syl,1,2,7,17,12,4,135

Confusion matrix normalized
,,Alt,Big,Mac,Mil,Myc,Pse,Syl
,Alt,0.8324873096446701,0.01015228426395939,0.01015228426395939,0.01015228426395939,0.12690355329949238,0.01015228426395939,0.0
,Big,0.08270676691729323,0.8345864661654135,0.045112781954887216,0.0,0.007518796992481203,0.022556390977443608,0.007518796992481203
,Mac,0.0,0.03225806451612903,0.6903225806451613,0.0967741935483871,0.07741935483870968,0.09032258064516129,0.012903225806451613
,Mil,0.0,0.0,0.01675977653631285,0.9664804469273743,0.0,0.00558659217877095,0.0111731843575419
,Myc,0.05194805194805195,0.006493506493506494,0.07792207792207792,0.03896103896103896,0.7662337662337663,0.05844155844155844,0.0
,Pse,0.05063291139240506,0.06329113924050633,0.02531645569620253,0.04430379746835443,0.08860759493670886,0.7278481012658228,0.0
,Syl,0.0056179775280898875,0.011235955056179775,0.03932584269662921,0.09550561797752809,0.06741573033707865,0.02247191011235955,0.7584269662921348

accuracy,0.7998266897746967

,precision,recall,f1-score,support
Alt,0.8541666666666666,0.8324873096446701,0.8431876606683805,197
Big,0.8473282442748091,0.8345864661654135,0.8409090909090909,133
Mac,0.7588652482269503,0.6903225806451613,0.722972972972973,155
Mil,0.7863636363636364,0.9664804469273743,0.8671679197994988,179
Myc,0.6483516483516484,0.7662337662337663,0.7023809523809524,154
Pse,0.777027027027027,0.7278481012658228,0.7516339869281045,158
Syl,0.9642857142857143,0.7584269662921348,0.8490566037735848,178
macro avg,0.8051983121709217,0.7966265195963348,0.7967584553475122,1154
weighted avg,0.809019042864326,0.7998266897746967,0.8000776939085843,1154

linear_none
Result global
Confusion matrix not normalized
,,Alt,Big,Mac,Mil,Myc,Pse,Syl
,Alt,887,11,12,6,56,16,0
,Big,23,562,32,2,18,26,2
,Mac,7,15,603,30,50,60,10
,Mil,1,0,8,858,0,8,19
,Myc,30,13,82,11,591,45,0
,Pse,21,62,59,32,56,558,0
,Syl,6,9,31,65,30,15,734

Confusion matrix normalized
,,Alt,Big,Mac,Mil,Myc,Pse,Syl
,Alt,0.8977732793522267,0.011133603238866396,0.012145748987854251,0.006072874493927126,0.05668016194331984,0.016194331983805668,0.0
,Big,0.03458646616541353,0.8451127819548873,0.0481203007518797,0.0030075187969924814,0.02706766917293233,0.039097744360902256,0.0030075187969924814
,Mac,0.00903225806451613,0.01935483870967742,0.7780645161290323,0.03870967741935484,0.06451612903225806,0.07741935483870968,0.012903225806451613
,Mil,0.0011185682326621924,0.0,0.008948545861297539,0.959731543624161,0.0,0.008948545861297539,0.021252796420581657
,Myc,0.038860103626943004,0.01683937823834197,0.10621761658031088,0.014248704663212436,0.7655440414507773,0.05829015544041451,0.0
,Pse,0.0266497461928934,0.07868020304568528,0.07487309644670051,0.04060913705583756,0.07106598984771574,0.7081218274111675,0.0
,Syl,0.006741573033707865,0.010112359550561797,0.0348314606741573,0.07303370786516854,0.033707865168539325,0.016853932584269662,0.8247191011235955

accuracy,0.8303880803880804

,precision,recall,f1-score,support
Alt,0.9097435897435897,0.8977732793522267,0.9037187977585329,988
Big,0.8363095238095238,0.8451127819548873,0.8406881077038146,665
Mac,0.7291414752116082,0.7780645161290323,0.7528089887640449,775
Mil,0.8545816733067729,0.959731543624161,0.904109589041096,894
Myc,0.7378277153558053,0.7655440414507773,0.7514303877940242,772
Pse,0.7664835164835165,0.7081218274111675,0.7361477572559367,788
Syl,0.9594771241830066,0.8247191011235955,0.8870090634441088,890
macro avg,0.8276520882991176,0.8255810130065495,0.8251303845373654,5772
weighted avg,0.833607035168368,0.8303880803880804,0.8304330320968926,5772

Iteration_0
Confusion matrix not normalized
,,Alt,Big,Mac,Mil,Myc,Pse,Syl
,Alt,182,1,4,0,10,1,0
,Big,4,114,4,0,7,4,0
,Mac,2,3,114,10,12,13,1
,Mil,0,0,1,177,0,0,1
,Myc,6,1,17,1,122,7,0
,Pse,6,13,9,9,14,107,0
,Syl,1,3,8,18,6,3,139

Confusion matrix normalized
,,Alt,Big,Mac,Mil,Myc,Pse,Syl
,Alt,0.9191919191919192,0.005050505050505051,0.020202020202020204,0.0,0.050505050505050504,0.005050505050505051,0.0
,Big,0.03007518796992481,0.8571428571428571,0.03007518796992481,0.0,0.05263157894736842,0.03007518796992481,0.0
,Mac,0.012903225806451613,0.01935483870967742,0.7354838709677419,0.06451612903225806,0.07741935483870968,0.08387096774193549,0.0064516129032258064
,Mil,0.0,0.0,0.00558659217877095,0.9888268156424581,0.0,0.0,0.00558659217877095
,Myc,0.03896103896103896,0.006493506493506494,0.11038961038961038,0.006493506493506494,0.7922077922077922,0.045454545454545456,0.0
,Pse,0.0379746835443038,0.08227848101265822,0.056962025316455694,0.056962025316455694,0.08860759493670886,0.6772151898734177,0.0
,Syl,0.0056179775280898875,0.016853932584269662,0.0449438202247191,0.10112359550561797,0.033707865168539325,0.016853932584269662,0.7808988764044944

accuracy,0.8268398268398268

,precision,recall,f1-score,support
Alt,0.9054726368159204,0.9191919191919192,0.9122807017543859,198
Big,0.8444444444444444,0.8571428571428571,0.8507462686567164,133
Mac,0.7261146496815286,0.7354838709677419,0.7307692307692308,155
Mil,0.8232558139534883,0.9888268156424581,0.8984771573604061,179
Myc,0.7134502923976608,0.7922077922077922,0.7507692307692309,154
Pse,0.7925925925925926,0.6772151898734177,0.7303754266211604,158
Syl,0.9858156028368794,0.7808988764044944,0.8714733542319749,178
macro avg,0.8273065761032165,0.8215667602043829,0.8206987671661581,1155
weighted avg,0.8329709147729946,0.8268398268398268,0.8259891866782266,1155

Iteration_1
Confusion matrix not normalized
,,Alt,Big,Mac,Mil,Myc,Pse,Syl
,Alt,185,2,1,1,5,4,0
,Big,2,116,7,0,2,6,0
,Mac,2,5,112,6,12,16,2
,Mil,0,0,1,166,0,3,9
,Myc,5,5,20,4,109,11,0
,Pse,3,13,14,8,11,109,0
,Syl,2,1,4,13,3,2,153

Confusion matrix normalized
,,Alt,Big,Mac,Mil,Myc,Pse,Syl
,Alt,0.9343434343434344,0.010101010101010102,0.005050505050505051,0.005050505050505051,0.025252525252525252,0.020202020202020204,0.0
,Big,0.015037593984962405,0.8721804511278195,0.05263157894736842,0.0,0.015037593984962405,0.045112781954887216,0.0
,Mac,0.012903225806451613,0.03225806451612903,0.7225806451612903,0.03870967741935484,0.07741935483870968,0.1032258064516129,0.012903225806451613
,Mil,0.0,0.0,0.00558659217877095,0.9273743016759777,0.0,0.01675977653631285,0.05027932960893855
,Myc,0.032467532467532464,0.032467532467532464,0.12987012987012986,0.025974025974025976,0.7077922077922078,0.07142857142857142,0.0
,Pse,0.0189873417721519,0.08227848101265822,0.08860759493670886,0.05063291139240506,0.06962025316455696,0.689873417721519,0.0
,Syl,0.011235955056179775,0.0056179775280898875,0.02247191011235955,0.07303370786516854,0.016853932584269662,0.011235955056179775,0.8595505617977528

accuracy,0.8225108225108225

,precision,recall,f1-score,support
Alt,0.9296482412060302,0.9343434343434344,0.9319899244332494,198
Big,0.8169014084507042,0.8721804511278195,0.8436363636363636,133
Mac,0.7044025157232704,0.7225806451612903,0.713375796178344,155
Mil,0.8383838383838383,0.9273743016759777,0.8806366047745358,179
Myc,0.7676056338028169,0.7077922077922078,0.7364864864864864,154
Pse,0.7218543046357616,0.689873417721519,0.7055016181229773,158
Syl,0.9329268292682927,0.8595505617977528,0.8947368421052632,178
macro avg,0.8159603959243877,0.8162421456600003,0.8151948051053172,1155
weighted avg,0.8227675839293436,0.8225108225108225,0.8217282896457068,1155

Iteration_2
Confusion matrix not normalized
,,Alt,Big,Mac,Mil,Myc,Pse,Syl
,Alt,169,6,3,3,12,5,0
,Big,5,112,6,0,4,5,1
,Mac,2,2,126,3,8,12,2
,Mil,0,0,2,171,0,2,3
,Myc,5,4,12,2,122,10,0
,Pse,4,12,20,5,3,113,0
,Syl,1,0,3,11,5,2,156

Confusion matrix normalized
,,Alt,Big,Mac,Mil,Myc,Pse,Syl
,Alt,0.8535353535353535,0.030303030303030304,0.015151515151515152,0.015151515151515152,0.06060606060606061,0.025252525252525252,0.0
,Big,0.03759398496240601,0.8421052631578947,0.045112781954887216,0.0,0.03007518796992481,0.03759398496240601,0.007518796992481203
,Mac,0.012903225806451613,0.012903225806451613,0.8129032258064516,0.01935483870967742,0.05161290322580645,0.07741935483870968,0.012903225806451613
,Mil,0.0,0.0,0.011235955056179775,0.9606741573033708,0.0,0.011235955056179775,0.016853932584269662
,Myc,0.03225806451612903,0.025806451612903226,0.07741935483870968,0.012903225806451613,0.7870967741935484,0.06451612903225806,0.0
,Pse,0.025477707006369428,0.07643312101910828,0.12738853503184713,0.03184713375796178,0.01910828025477707,0.7197452229299363,0.0
,Syl,0.0056179775280898875,0.0,0.016853932584269662,0.06179775280898876,0.028089887640449437,0.011235955056179775,0.8764044943820225

accuracy,0.8396880415944541

,precision,recall,f1-score,support
Alt,0.9086021505376344,0.8535353535353535,0.8802083333333333,198
Big,0.8235294117647058,0.8421052631578947,0.83271375464684,133
Mac,0.7325581395348837,0.8129032258064516,0.7706422018348622,155
Mil,0.8769230769230769,0.9606741573033708,0.9168900804289545,178
Myc,0.7922077922077922,0.7870967741935484,0.7896440129449839,155
Pse,0.7583892617449665,0.7197452229299363,0.738562091503268,157
Syl,0.9629629629629629,0.8764044943820225,0.9176470588235294,178
macro avg,0.836453256525146,0.8360663559012255,0.8351867905022531,1154
weighted avg,0.8425807505935416,0.8396880415944541,0.8400159461107981,1154

Iteration_3
Confusion matrix not normalized
,,Alt,Big,Mac,Mil,Myc,Pse,Syl
,Alt,179,1,3,0,11,3,0
,Big,8,106,9,1,3,6,0
,Mac,1,2,135,3,6,6,2
,Mil,1,0,1,175,0,1,1
,Myc,8,2,20,2,110,13,0
,Pse,3,12,9,6,20,107,0
,Syl,1,3,7,12,4,4,147

Confusion matrix normalized
,,Alt,Big,Mac,Mil,Myc,Pse,Syl
,Alt,0.9086294416243654,0.005076142131979695,0.015228426395939087,0.0,0.05583756345177665,0.015228426395939087,0.0
,Big,0.06015037593984962,0.7969924812030075,0.06766917293233082,0.007518796992481203,0.022556390977443608,0.045112781954887216,0.0
,Mac,0.0064516129032258064,0.012903225806451613,0.8709677419354839,0.01935483870967742,0.03870967741935484,0.03870967741935484,0.012903225806451613
,Mil,0.00558659217877095,0.0,0.00558659217877095,0.9776536312849162,0.0,0.00558659217877095,0.00558659217877095
,Myc,0.05161290322580645,0.012903225806451613,0.12903225806451613,0.012903225806451613,0.7096774193548387,0.08387096774193549,0.0
,Pse,0.01910828025477707,0.07643312101910828,0.05732484076433121,0.03821656050955414,0.12738853503184713,0.6815286624203821,0.0
,Syl,0.0056179775280898875,0.016853932584269662,0.03932584269662921,0.06741573033707865,0.02247191011235955,0.02247191011235955,0.8258426966292135

accuracy,0.8310225303292894

,precision,recall,f1-score,support
Alt,0.8905472636815921,0.9086294416243654,0.8994974874371859,197
Big,0.8412698412698413,0.7969924812030075,0.8185328185328186,133
Mac,0.7336956521739131,0.8709677419354839,0.7964601769911505,155
Mil,0.8793969849246231,0.9776536312849162,0.9259259259259259,179
Myc,0.7142857142857143,0.7096774193548387,0.7119741100323626,155
Pse,0.7642857142857142,0.6815286624203821,0.7205387205387204,157
Syl,0.98,0.8258426966292135,0.896341463414634,178
macro avg,0.8290687386601997,0.8244702963503154,0.8241815289818284,1154
weighted avg,0.8350162297051729,0.8310225303292894,0.8304049261107103,1154

Iteration_4
Confusion matrix not normalized
,,Alt,Big,Mac,Mil,Myc,Pse,Syl
,Alt,172,1,1,2,18,3,0
,Big,4,114,6,1,2,5,1
,Mac,0,3,116,8,12,13,3
,Mil,0,0,3,169,0,2,5
,Myc,6,1,13,2,128,4,0
,Pse,5,12,7,4,8,122,0
,Syl,1,2,9,11,12,4,139

Confusion matrix normalized
,,Alt,Big,Mac,Mil,Myc,Pse,Syl
,Alt,0.8730964467005076,0.005076142131979695,0.005076142131979695,0.01015228426395939,0.09137055837563451,0.015228426395939087,0.0
,Big,0.03007518796992481,0.8571428571428571,0.045112781954887216,0.007518796992481203,0.015037593984962405,0.03759398496240601,0.007518796992481203
,Mac,0.0,0.01935483870967742,0.7483870967741936,0.05161290322580645,0.07741935483870968,0.08387096774193549,0.01935483870967742
,Mil,0.0,0.0,0.01675977653631285,0.9441340782122905,0.0,0.0111731843575419,0.027932960893854747
,Myc,0.03896103896103896,0.006493506493506494,0.08441558441558442,0.012987012987012988,0.8311688311688312,0.025974025974025976,0.0
,Pse,0.03164556962025317,0.0759493670886076,0.04430379746835443,0.02531645569620253,0.05063291139240506,0.7721518987341772,0.0
,Syl,0.0056179775280898875,0.011235955056179775,0.05056179775280899,0.06179775280898876,0.06741573033707865,0.02247191011235955,0.7808988764044944

accuracy,0.8318890814558059

,precision,recall,f1-score,support
Alt,0.9148936170212766,0.8730964467005076,0.8935064935064935,197
Big,0.8571428571428571,0.8571428571428571,0.8571428571428571,133
Mac,0.7483870967741936,0.7483870967741936,0.7483870967741936,155
Mil,0.8578680203045685,0.9441340782122905,0.898936170212766,179
Myc,0.7111111111111111,0.8311688311688312,0.7664670658682636,154
Pse,0.7973856209150327,0.7721518987341772,0.7845659163987139,158
Syl,0.9391891891891891,0.7808988764044944,0.8527607361963191,178
macro avg,0.8322825017797469,0.8295685835910502,0.8288237622999438,1154
weighted avg,0.8374923163596806,0.8318890814558059,0.8325122250143141,1154

quatra
Result global
Confusion matrix not normalized
,,Alt,Big,Mac,Mil,Myc,Pse,Syl
,Alt,765,87,6,6,87,34,3
,Big,26,564,11,0,23,31,10
,Mac,17,50,399,56,134,93,26
,Mil,4,0,14,826,11,9,30
,Myc,41,15,26,22,614,49,5
,Pse,20,61,18,34,89,556,10
,Syl,6,9,37,54,25,2,757

Confusion matrix normalized
,,Alt,Big,Mac,Mil,Myc,Pse,Syl
,Alt,0.7742914979757085,0.08805668016194332,0.006072874493927126,0.006072874493927126,0.08805668016194332,0.03441295546558704,0.003036437246963563
,Big,0.039097744360902256,0.8481203007518797,0.016541353383458645,0.0,0.03458646616541353,0.04661654135338346,0.015037593984962405
,Mac,0.02193548387096774,0.06451612903225806,0.5148387096774194,0.07225806451612904,0.17290322580645162,0.12,0.03354838709677419
,Mil,0.0044742729306487695,0.0,0.015659955257270694,0.9239373601789709,0.012304250559284116,0.010067114093959731,0.03355704697986577
,Myc,0.05310880829015544,0.019430051813471502,0.03367875647668394,0.02849740932642487,0.7953367875647669,0.06347150259067358,0.006476683937823834
,Pse,0.025380710659898477,0.07741116751269035,0.02284263959390863,0.04314720812182741,0.11294416243654823,0.7055837563451777,0.012690355329949238
,Syl,0.006741573033707865,0.010112359550561797,0.04157303370786517,0.060674157303370786,0.028089887640449437,0.0022471910112359553,0.8505617977528089

accuracy,0.7763340263340264

,precision,recall,f1-score,support
Alt,0.8703071672354948,0.7742914979757085,0.8194965184788432,988
Big,0.7175572519083969,0.8481203007518797,0.777394900068918,665
Mac,0.7808219178082192,0.5148387096774194,0.6205287713841369,775
Mil,0.8276553106212425,0.9239373601789709,0.8731501057082452,894
Myc,0.624618514750763,0.7953367875647669,0.6997150997150998,772
Pse,0.7183462532299741,0.7055837563451777,0.7119078104993598,788
Syl,0.9001189060642093,0.8505617977528089,0.8746389370306181,890
macro avg,0.7770607602311858,0.7732386014638187,0.7681188775550316,5772
weighted avg,0.7850776256192773,0.7763340263340264,0.7740346893173263,5772

Iteration_0
Confusion matrix not normalized
,,Alt,Big,Mac,Mil,Myc,Pse,Syl
,Alt,155,16,0,0,22,4,1
,Big,5,115,0,0,6,6,1
,Mac,7,6,61,15,36,24,6
,Mil,0,0,1,171,2,2,3
,Myc,11,0,5,6,123,8,1
,Pse,9,10,1,9,21,106,2
,Syl,3,4,9,10,4,1,147

Confusion matrix normalized
,,Alt,Big,Mac,Mil,Myc,Pse,Syl
,Alt,0.7828282828282829,0.08080808080808081,0.0,0.0,0.1111111111111111,0.020202020202020204,0.005050505050505051
,Big,0.03759398496240601,0.8646616541353384,0.0,0.0,0.045112781954887216,0.045112781954887216,0.007518796992481203
,Mac,0.04516129032258064,0.03870967741935484,0.3935483870967742,0.0967741935483871,0.23225806451612904,0.15483870967741936,0.03870967741935484
,Mil,0.0,0.0,0.00558659217877095,0.9553072625698324,0.0111731843575419,0.0111731843575419,0.01675977653631285
,Myc,0.07142857142857142,0.0,0.032467532467532464,0.03896103896103896,0.7987012987012987,0.05194805194805195,0.006493506493506494
,Pse,0.056962025316455694,0.06329113924050633,0.006329113924050633,0.056962025316455694,0.13291139240506328,0.6708860759493671,0.012658227848101266
,Syl,0.016853932584269662,0.02247191011235955,0.05056179775280899,0.056179775280898875,0.02247191011235955,0.0056179775280898875,0.8258426966292135

accuracy,0.7601731601731602

,precision,recall,f1-score,support
Alt,0.8157894736842105,0.7828282828282829,0.7989690721649485,198
Big,0.7615894039735099,0.8646616541353384,0.8098591549295775,133
Mac,0.7922077922077922,0.3935483870967742,0.5258620689655173,155
Mil,0.8104265402843602,0.9553072625698324,0.876923076923077,179
Myc,0.5747663551401869,0.7987012987012987,0.6684782608695652,154
Pse,0.7019867549668874,0.6708860759493671,0.6860841423948221,158
Syl,0.9130434782608695,0.8258426966292135,0.8672566371681416,178
macro avg,0.7671156855025453,0.7559679511300154,0.7476332019165213,1155
weighted avg,0.7728363031409963,0.7601731601731602,0.7533364705120377,1155

Iteration_1
Confusion matrix not normalized
,,Alt,Big,Mac,Mil,Myc,Pse,Syl
,Alt,146,27,0,1,11,12,1
,Big,2,124,1,0,1,5,0
,Mac,1,9,89,12,20,16,8
,Mil,1,0,4,161,1,2,10
,Myc,4,5,8,6,113,16,2
,Pse,4,12,3,7,13,116,3
,Syl,0,2,4,12,4,0,156

Confusion matrix normalized
,,Alt,Big,Mac,Mil,Myc,Pse,Syl
,Alt,0.7373737373737373,0.13636363636363635,0.0,0.005050505050505051,0.05555555555555555,0.06060606060606061,0.005050505050505051
,Big,0.015037593984962405,0.9323308270676691,0.007518796992481203,0.0,0.007518796992481203,0.03759398496240601,0.0
,Mac,0.0064516129032258064,0.05806451612903226,0.5741935483870968,0.07741935483870968,0.12903225806451613,0.1032258064516129,0.05161290322580645
,Mil,0.00558659217877095,0.0,0.0223463687150838,0.8994413407821229,0.00558659217877095,0.0111731843575419,0.055865921787709494
,Myc,0.025974025974025976,0.032467532467532464,0.05194805194805195,0.03896103896103896,0.7337662337662337,0.1038961038961039,0.012987012987012988
,Pse,0.02531645569620253,0.0759493670886076,0.0189873417721519,0.04430379746835443,0.08227848101265822,0.7341772151898734,0.0189873417721519
,Syl,0.0,0.011235955056179775,0.02247191011235955,0.06741573033707865,0.02247191011235955,0.0,0.8764044943820225

accuracy,0.7835497835497836

,precision,recall,f1-score,support
Alt,0.9240506329113924,0.7373737373737373,0.8202247191011236,198
Big,0.6927374301675978,0.9323308270676691,0.7948717948717948,133
Mac,0.8165137614678899,0.5741935483870968,0.6742424242424242,155
Mil,0.8090452261306532,0.8994413407821229,0.8518518518518519,179
Myc,0.6932515337423313,0.7337662337662337,0.7129337539432178,154
Pse,0.6946107784431138,0.7341772151898734,0.7138461538461539,158
Syl,0.8666666666666667,0.8764044943820225,0.8715083798882682,178
macro avg,0.7852680042185207,0.7839553424212509,0.7770684396778335,1155
weighted avg,0.7941564830222111,0.7835497835497836,0.7816618895013749,1155

Iteration_2
Confusion matrix not normalized
,,Alt,Big,Mac,Mil,Myc,Pse,Syl
,Alt,158,10,3,2,16,9,0
,Big,7,103,4,0,6,9,4
,Mac,5,4,97,9,19,15,6
,Mil,3,0,2,168,0,0,5
,Myc,7,2,5,5,124,11,1
,Pse,4,12,3,5,8,123,2
,Syl,2,0,6,14,3,0,153

Confusion matrix normalized
,,Alt,Big,Mac,Mil,Myc,Pse,Syl
,Alt,0.797979797979798,0.050505050505050504,0.015151515151515152,0.010101010101010102,0.08080808080808081,0.045454545454545456,0.0
,Big,0.05263157894736842,0.7744360902255639,0.03007518796992481,0.0,0.045112781954887216,0.06766917293233082,0.03007518796992481
,Mac,0.03225806451612903,0.025806451612903226,0.6258064516129033,0.05806451612903226,0.12258064516129032,0.0967741935483871,0.03870967741935484
,Mil,0.016853932584269662,0.0,0.011235955056179775,0.9438202247191011,0.0,0.0,0.028089887640449437
,Myc,0.04516129032258064,0.012903225806451613,0.03225806451612903,0.03225806451612903,0.8,0.07096774193548387,0.0064516129032258064
,Pse,0.025477707006369428,0.07643312101910828,0.01910828025477707,0.03184713375796178,0.050955414012738856,0.7834394904458599,0.012738853503184714
,Syl,0.011235955056179775,0.0,0.033707865168539325,0.07865168539325842,0.016853932584269662,0.0,0.8595505617977528

accuracy,0.8024263431542461

,precision,recall,f1-score,support
Alt,0.8494623655913979,0.797979797979798,0.8229166666666666,198
Big,0.7862595419847328,0.7744360902255639,0.7803030303030303,133
Mac,0.8083333333333333,0.6258064516129033,0.7054545454545454,155
Mil,0.8275862068965517,0.9438202247191011,0.8818897637795275,178
Myc,0.7045454545454546,0.8,0.7492447129909366,155
Pse,0.7365269461077845,0.7834394904458599,0.7592592592592593,157
Syl,0.8947368421052632,0.8595505617977528,0.8767908309455587,178
macro avg,0.8010643843663596,0.7978618023972828,0.7965512584856463,1154
weighted avg,0.8054337199770568,0.8024263431542461,0.8010788887817346,1154

Iteration_3
Confusion matrix not normalized
,,Alt,Big,Mac,Mil,Myc,Pse,Syl
,Alt,154,18,2,1,17,5,0
,Big,6,109,4,0,7,6,1
,Mac,2,19,81,6,26,18,3
,Mil,0,0,4,161,7,2,5
,Myc,9,4,5,2,124,11,0
,Pse,1,14,7,5,26,103,1
,Syl,0,1,13,5,1,1,157

Confusion matrix normalized
,,Alt,Big,Mac,Mil,Myc,Pse,Syl
,Alt,0.7817258883248731,0.09137055837563451,0.01015228426395939,0.005076142131979695,0.08629441624365482,0.025380710659898477,0.0
,Big,0.045112781954887216,0.8195488721804511,0.03007518796992481,0.0,0.05263157894736842,0.045112781954887216,0.007518796992481203
,Mac,0.012903225806451613,0.12258064516129032,0.5225806451612903,0.03870967741935484,0.16774193548387098,0.11612903225806452,0.01935483870967742
,Mil,0.0,0.0,0.0223463687150838,0.8994413407821229,0.03910614525139665,0.0111731843575419,0.027932960893854747
,Myc,0.05806451612903226,0.025806451612903226,0.03225806451612903,0.012903225806451613,0.8,0.07096774193548387,0.0
,Pse,0.006369426751592357,0.08917197452229299,0.044585987261146494,0.03184713375796178,0.16560509554140126,0.6560509554140127,0.006369426751592357
,Syl,0.0,0.0056179775280898875,0.07303370786516854,0.028089887640449437,0.0056179775280898875,0.0056179775280898875,0.8820224719101124

accuracy,0.770363951473137

,precision,recall,f1-score,support
Alt,0.8953488372093024,0.7817258883248731,0.8346883468834688,197
Big,0.6606060606060606,0.8195488721804511,0.7315436241610739,133
Mac,0.6982758620689655,0.5225806451612903,0.5977859778597785,155
Mil,0.8944444444444445,0.8994413407821229,0.8969359331476323,179
Myc,0.5961538461538461,0.8,0.6831955922865015,155
Pse,0.7054794520547946,0.6560509554140127,0.6798679867986799,157
Syl,0.9401197604790419,0.8820224719101124,0.9101449275362319,178
macro avg,0.7700611804309222,0.7659100248246945,0.7620231983819095,1154
weighted avg,0.7825719919053745,0.770363951473137,0.7708645171442008,1154

Iteration_4
Confusion matrix not normalized
,,Alt,Big,Mac,Mil,Myc,Pse,Syl
,Alt,152,16,1,2,21,4,1
,Big,6,113,2,0,3,5,4
,Mac,2,12,71,14,33,20,3
,Mil,0,0,3,165,1,3,7
,Myc,10,4,3,3,130,3,1
,Pse,2,13,4,8,21,108,2
,Syl,1,2,5,13,13,0,144

Confusion matrix normalized
,,Alt,Big,Mac,Mil,Myc,Pse,Syl
,Alt,0.7715736040609137,0.08121827411167512,0.005076142131979695,0.01015228426395939,0.1065989847715736,0.02030456852791878,0.005076142131979695
,Big,0.045112781954887216,0.849624060150376,0.015037593984962405,0.0,0.022556390977443608,0.03759398496240601,0.03007518796992481
,Mac,0.012903225806451613,0.07741935483870968,0.45806451612903226,0.09032258064516129,0.2129032258064516,0.12903225806451613,0.01935483870967742
,Mil,0.0,0.0,0.01675977653631285,0.9217877094972067,0.00558659217877095,0.01675977653631285,0.03910614525139665
,Myc,0.06493506493506493,0.025974025974025976,0.01948051948051948,0.01948051948051948,0.8441558441558441,0.01948051948051948,0.006493506493506494
,Pse,0.012658227848101266,0.08227848101265822,0.02531645569620253,0.05063291139240506,0.13291139240506328,0.6835443037974683,0.012658227848101266
,Syl,0.0056179775280898875,0.011235955056179775,0.028089887640449437,0.07303370786516854,0.07303370786516854,0.0,0.8089887640449438

accuracy,0.7651646447140381

,precision,recall,f1-score,support
Alt,0.8786127167630058,0.7715736040609137,0.8216216216216216,197
Big,0.70625,0.849624060150376,0.7713310580204779,133
Mac,0.797752808988764,0.45806451612903226,0.5819672131147541,155
Mil,0.8048780487804879,0.9217877094972067,0.859375,179
Myc,0.5855855855855856,0.8441558441558441,0.6914893617021277,154
Pse,0.7552447552447552,0.6835443037974683,0.717607973421927,158
Syl,0.8888888888888888,0.8089887640449438,0.8470588235294118,178
macro avg,0.773887543464498,0.7625341145479692,0.7557787216300457,1154
weighted avg,0.7820397617490048,0.7651646447140381,0.7618088607452316,1154

svc
Result global
Confusion matrix not normalized
,,Alt,Big,Mac,Mil,Myc,Pse,Syl
,Alt,678,1,33,167,44,20,45
,Big,238,156,26,61,16,131,37
,Mac,36,13,274,219,97,71,65
,Mil,36,0,22,583,32,1,220
,Myc,93,0,75,109,412,82,1
,Pse,102,50,85,69,100,374,8
,Syl,9,3,16,36,5,0,821

Confusion matrix normalized
,,Alt,Big,Mac,Mil,Myc,Pse,Syl
,Alt,0.6862348178137652,0.0010121457489878543,0.03340080971659919,0.16902834008097167,0.044534412955465584,0.020242914979757085,0.04554655870445344
,Big,0.35789473684210527,0.23458646616541354,0.039097744360902256,0.09172932330827067,0.02406015037593985,0.19699248120300752,0.055639097744360905
,Mac,0.04645161290322581,0.016774193548387096,0.3535483870967742,0.28258064516129033,0.12516129032258064,0.09161290322580645,0.08387096774193549
,Mil,0.040268456375838924,0.0,0.024608501118568233,0.6521252796420581,0.035794183445190156,0.0011185682326621924,0.24608501118568232
,Myc,0.12046632124352331,0.0,0.09715025906735751,0.1411917098445596,0.533678756476684,0.10621761658031088,0.0012953367875647669
,Pse,0.12944162436548223,0.06345177664974619,0.10786802030456853,0.08756345177664974,0.12690355329949238,0.4746192893401015,0.01015228426395939
,Syl,0.010112359550561797,0.0033707865168539327,0.017977528089887642,0.04044943820224719,0.0056179775280898875,0.0,0.9224719101123595

accuracy,0.5713790713790714

,precision,recall,f1-score,support
Alt,0.5687919463087249,0.6862348178137652,0.6220183486238532,988
Big,0.6995515695067265,0.23458646616541354,0.3513513513513513,665
Mac,0.5160075329566854,0.3535483870967742,0.41960183767228176,775
Mil,0.46864951768488744,0.6521252796420581,0.5453695042095417,894
Myc,0.5835694050991501,0.533678756476684,0.5575101488497971,772
Pse,0.5508100147275405,0.4746192893401015,0.5098841172460804,788
Syl,0.6858813700918964,0.9224719101123595,0.7867752755150934,890
macro avg,0.5818944794822303,0.5510378438067366,0.5417872262097141,5772
weighted avg,0.5788348986920214,0.5713790713790714,0.553252088107892,5772

Iteration_0
Confusion matrix not normalized
,,Alt,Big,Mac,Mil,Myc,Pse,Syl
,Alt,141,0,6,33,3,5,10
,Big,53,27,3,9,4,32,5
,Mac,12,3,53,47,23,10,7
,Mil,5,0,2,118,10,0,44
,Myc,22,0,17,25,80,10,0
,Pse,20,9,13,20,27,68,1
,Syl,0,1,2,9,0,0,166

Confusion matrix normalized
,,Alt,Big,Mac,Mil,Myc,Pse,Syl
,Alt,0.7121212121212122,0.0,0.030303030303030304,0.16666666666666666,0.015151515151515152,0.025252525252525252,0.050505050505050504
,Big,0.39849624060150374,0.20300751879699247,0.022556390977443608,0.06766917293233082,0.03007518796992481,0.24060150375939848,0.03759398496240601
,Mac,0.07741935483870968,0.01935483870967742,0.3419354838709677,0.3032258064516129,0.14838709677419354,0.06451612903225806,0.04516129032258064
,Mil,0.027932960893854747,0.0,0.0111731843575419,0.659217877094972,0.055865921787709494,0.0,0.24581005586592178
,Myc,0.14285714285714285,0.0,0.11038961038961038,0.16233766233766234,0.5194805194805194,0.06493506493506493,0.0
,Pse,0.12658227848101267,0.056962025316455694,0.08227848101265822,0.12658227848101267,0.17088607594936708,0.43037974683544306,0.006329113924050633
,Syl,0.0,0.0056179775280898875,0.011235955056179775,0.05056179775280899,0.0,0.0,0.9325842696629213

accuracy,0.5653679653679654

,precision,recall,f1-score,support
Alt,0.5573122529644269,0.7121212121212122,0.6252771618625277,198
Big,0.675,0.20300751879699247,0.31213872832369943,133
Mac,0.5520833333333334,0.3419354838709677,0.42231075697211157,155
Mil,0.4521072796934866,0.659217877094972,0.5363636363636364,179
Myc,0.54421768707483,0.5194805194805194,0.53156146179402,154
Pse,0.544,0.43037974683544306,0.480565371024735,158
Syl,0.7124463519313304,0.9325842696629213,0.8077858880778588,178
macro avg,0.576738129285344,0.5426752325518612,0.5308575720597984,1155
weighted avg,0.5741990651706129,0.5653679653679654,0.5440365965122483,1155

Iteration_1
Confusion matrix not normalized
,,Alt,Big,Mac,Mil,Myc,Pse,Syl
,Alt,134,1,3,34,11,4,11
,Big,50,36,7,9,3,24,4
,Mac,7,3,64,33,20,15,13
,Mil,1,0,3,130,6,0,39
,Myc,12,0,13,26,85,17,1
,Pse,21,13,16,10,20,76,2
,Syl,3,0,1,9,0,0,165

Confusion matrix normalized
,,Alt,Big,Mac,Mil,Myc,Pse,Syl
,Alt,0.6767676767676768,0.005050505050505051,0.015151515151515152,0.1717171717171717,0.05555555555555555,0.020202020202020204,0.05555555555555555
,Big,0.37593984962406013,0.2706766917293233,0.05263157894736842,0.06766917293233082,0.022556390977443608,0.18045112781954886,0.03007518796992481
,Mac,0.04516129032258064,0.01935483870967742,0.4129032258064516,0.2129032258064516,0.12903225806451613,0.0967741935483871,0.08387096774193549
,Mil,0.00558659217877095,0.0,0.01675977653631285,0.7262569832402235,0.0335195530726257,0.0,0.21787709497206703
,Myc,0.07792207792207792,0.0,0.08441558441558442,0.16883116883116883,0.551948051948052,0.11038961038961038,0.006493506493506494
,Pse,0.13291139240506328,0.08227848101265822,0.10126582278481013,0.06329113924050633,0.12658227848101267,0.4810126582278481,0.012658227848101266
,Syl,0.016853932584269662,0.0,0.0056179775280898875,0.05056179775280899,0.0,0.0,0.9269662921348315

accuracy,0.5974025974025974

,precision,recall,f1-score,support
Alt,0.5877192982456141,0.6767676767676768,0.6291079812206574,198
Big,0.6792452830188679,0.2706766917293233,0.3870967741935484,133
Mac,0.5981308411214953,0.4129032258064516,0.4885496183206106,155
Mil,0.5179282868525896,0.7262569832402235,0.6046511627906976,179
Myc,0.5862068965517241,0.551948051948052,0.568561872909699,154
Pse,0.5588235294117647,0.4810126582278481,0.5170068027210883,158
Syl,0.7021276595744681,0.9269662921348315,0.7990314769975787,178
macro avg,0.6043116849680749,0.578075939979201,0.5705722413076971,1155
weighted avg,0.602317048082135,0.5974025974025974,0.5813664124608279,1155

Iteration_2
Confusion matrix not normalized
,,Alt,Big,Mac,Mil,Myc,Pse,Syl
,Alt,140,0,10,28,9,5,6
