linear_auto
Result global
Confusion matrix not normalized
,,Alt,Big,Mac,Mil,Myc,Pse,Syl
,Alt,844,10,38,13,51,32,0
,Big,29,509,57,4,16,48,2
,Mac,19,27,518,12,73,124,2
,Mil,1,1,8,839,0,17,28
,Myc,54,30,54,30,557,47,0
,Pse,32,70,60,22,55,549,0
,Syl,3,19,32,56,16,16,748

Confusion matrix normalized
,,Alt,Big,Mac,Mil,Myc,Pse,Syl
,Alt,0.854251012145749,0.010121457489878543,0.038461538461538464,0.013157894736842105,0.05161943319838057,0.032388663967611336,0.0
,Big,0.04360902255639098,0.7654135338345864,0.08571428571428572,0.006015037593984963,0.02406015037593985,0.07218045112781955,0.0030075187969924814
,Mac,0.024516129032258065,0.03483870967741935,0.6683870967741935,0.015483870967741935,0.09419354838709677,0.16,0.0025806451612903226
,Mil,0.0011185682326621924,0.0011185682326621924,0.008948545861297539,0.9384787472035794,0.0,0.01901565995525727,0.03131991051454139
,Myc,0.06994818652849741,0.038860103626943004,0.06994818652849741,0.038860103626943004,0.7215025906735751,0.06088082901554404,0.0
,Pse,0.04060913705583756,0.08883248730964467,0.07614213197969544,0.027918781725888325,0.06979695431472081,0.6967005076142132,0.0
,Syl,0.0033707865168539327,0.021348314606741574,0.035955056179775284,0.06292134831460675,0.017977528089887642,0.017977528089887642,0.8404494382022472

accuracy,0.7907137907137907

,precision,recall,f1-score,support
Alt,0.8594704684317719,0.854251012145749,0.8568527918781725,988
Big,0.7642642642642643,0.7654135338345864,0.7648384673178061,665
Mac,0.6753585397653195,0.6683870967741935,0.6718547341115435,775
Mil,0.8596311475409836,0.9384787472035794,0.897326203208556,894
Myc,0.7252604166666666,0.7215025906735751,0.7233766233766235,772
Pse,0.65906362545018,0.6967005076142132,0.6773596545342381,788
Syl,0.958974358974359,0.8404494382022472,0.8958083832335331,890
macro avg,0.7860032601562208,0.7835975609211634,0.7839166939514962,5772
weighted avg,0.7938385361702488,0.7907137907137907,0.7913307009432516,5772

Iteration_0
Confusion matrix not normalized
,,Alt,Big,Mac,Mil,Myc,Pse,Syl
,Alt,170,1,8,3,11,5,0
,Big,7,102,10,2,3,9,0
,Mac,4,5,94,4,19,29,0
,Mil,0,0,0,172,0,2,5
,Myc,12,6,8,6,115,7,0
,Pse,10,14,14,7,11,102,0
,Syl,0,3,8,10,3,4,150

Confusion matrix normalized
,,Alt,Big,Mac,Mil,Myc,Pse,Syl
,Alt,0.8585858585858586,0.005050505050505051,0.04040404040404041,0.015151515151515152,0.05555555555555555,0.025252525252525252,0.0
,Big,0.05263157894736842,0.7669172932330827,0.07518796992481203,0.015037593984962405,0.022556390977443608,0.06766917293233082,0.0
,Mac,0.025806451612903226,0.03225806451612903,0.6064516129032258,0.025806451612903226,0.12258064516129032,0.1870967741935484,0.0
,Mil,0.0,0.0,0.0,0.9608938547486033,0.0,0.0111731843575419,0.027932960893854747
,Myc,0.07792207792207792,0.03896103896103896,0.05194805194805195,0.03896103896103896,0.7467532467532467,0.045454545454545456,0.0
,Pse,0.06329113924050633,0.08860759493670886,0.08860759493670886,0.04430379746835443,0.06962025316455696,0.6455696202531646,0.0
,Syl,0.0,0.016853932584269662,0.0449438202247191,0.056179775280898875,0.016853932584269662,0.02247191011235955,0.8426966292134831

accuracy,0.7835497835497836

,precision,recall,f1-score,support
Alt,0.8374384236453202,0.8585858585858586,0.8478802992518703,198
Big,0.7786259541984732,0.7669172932330827,0.7727272727272726,133
Mac,0.6619718309859155,0.6064516129032258,0.632996632996633,155
Mil,0.8431372549019608,0.9608938547486033,0.8981723237597911,179
Myc,0.7098765432098766,0.7467532467532467,0.7278481012658228,154
Pse,0.6455696202531646,0.6455696202531646,0.6455696202531646,158
Syl,0.967741935483871,0.8426966292134831,0.9009009009009008,178
macro avg,0.7777659375255117,0.7754097308129522,0.7751564501650651,1155
weighted avg,0.7848279778276089,0.7835497835497836,0.7826747346730522,1155

Iteration_1
Confusion matrix not normalized
,,Alt,Big,Mac,Mil,Myc,Pse,Syl
,Alt,168,2,10,3,9,6,0
,Big,4,106,12,1,2,8,0
,Mac,3,4,104,3,19,21,1
,Mil,0,0,0,167,0,3,9
,Myc,11,6,10,6,106,15,0
,Pse,6,18,9,2,11,112,0
,Syl,0,1,10,13,1,3,150

Confusion matrix normalized
,,Alt,Big,Mac,Mil,Myc,Pse,Syl
,Alt,0.8484848484848485,0.010101010101010102,0.050505050505050504,0.015151515151515152,0.045454545454545456,0.030303030303030304,0.0
,Big,0.03007518796992481,0.7969924812030075,0.09022556390977443,0.007518796992481203,0.015037593984962405,0.06015037593984962,0.0
,Mac,0.01935483870967742,0.025806451612903226,0.6709677419354839,0.01935483870967742,0.12258064516129032,0.13548387096774195,0.0064516129032258064
,Mil,0.0,0.0,0.0,0.9329608938547486,0.0,0.01675977653631285,0.05027932960893855
,Myc,0.07142857142857142,0.03896103896103896,0.06493506493506493,0.03896103896103896,0.6883116883116883,0.09740259740259741,0.0
,Pse,0.0379746835443038,0.11392405063291139,0.056962025316455694,0.012658227848101266,0.06962025316455696,0.7088607594936709,0.0
,Syl,0.0,0.0056179775280898875,0.056179775280898875,0.07303370786516854,0.0056179775280898875,0.016853932584269662,0.8426966292134831

accuracy,0.7904761904761904

,precision,recall,f1-score,support
Alt,0.875,0.8484848484848485,0.8615384615384615,198
Big,0.7737226277372263,0.7969924812030075,0.7851851851851852,133
Mac,0.6709677419354839,0.6709677419354839,0.6709677419354839,155
Mil,0.8564102564102564,0.9329608938547486,0.8930481283422459,179
Myc,0.7162162162162162,0.6883116883116883,0.7019867549668874,154
Pse,0.6666666666666666,0.7088607594936709,0.6871165644171778,158
Syl,0.9375,0.8426966292134831,0.8875739644970413,178
macro avg,0.7852119298522642,0.784182148928133,0.7839166858403547,1155
weighted avg,0.7930373818330022,0.7904761904761904,0.7909336823470089,1155

Iteration_2
Confusion matrix not normalized
,,Alt,Big,Mac,Mil,Myc,Pse,Syl
,Alt,170,6,5,2,9,6,0
,Big,3,102,12,1,2,12,1
,Mac,5,6,107,2,11,24,0
,Mil,1,0,3,161,0,6,7
,Myc,11,5,19,6,105,9,0
,Pse,4,15,16,2,10,110,0
,Syl,0,4,4,13,4,3,150

Confusion matrix normalized
,,Alt,Big,Mac,Mil,Myc,Pse,Syl
,Alt,0.8585858585858586,0.030303030303030304,0.025252525252525252,0.010101010101010102,0.045454545454545456,0.030303030303030304,0.0
,Big,0.022556390977443608,0.7669172932330827,0.09022556390977443,0.007518796992481203,0.015037593984962405,0.09022556390977443,0.007518796992481203
,Mac,0.03225806451612903,0.03870967741935484,0.6903225806451613,0.012903225806451613,0.07096774193548387,0.15483870967741936,0.0
,Mil,0.0056179775280898875,0.0,0.016853932584269662,0.9044943820224719,0.0,0.033707865168539325,0.03932584269662921
,Myc,0.07096774193548387,0.03225806451612903,0.12258064516129032,0.03870967741935484,0.6774193548387096,0.05806451612903226,0.0
,Pse,0.025477707006369428,0.09554140127388536,0.10191082802547771,0.012738853503184714,0.06369426751592357,0.7006369426751592,0.0
,Syl,0.0,0.02247191011235955,0.02247191011235955,0.07303370786516854,0.02247191011235955,0.016853932584269662,0.8426966292134831

accuracy,0.7842287694974004

,precision,recall,f1-score,support
Alt,0.8762886597938144,0.8585858585858586,0.8673469387755102,198
Big,0.7391304347826086,0.7669172932330827,0.7527675276752768,133
Mac,0.6445783132530121,0.6903225806451613,0.6666666666666666,155
Mil,0.8609625668449198,0.9044943820224719,0.8821917808219177,178
Myc,0.7446808510638298,0.6774193548387096,0.7094594594594594,155
Pse,0.6470588235294118,0.7006369426751592,0.672782874617737,157
Syl,0.9493670886075949,0.8426966292134831,0.8928571428571428,178
macro avg,0.7802952482678844,0.7772961487448466,0.7777246272676729,1154
weighted avg,0.7894034548518527,0.7842287694974004,0.7857347871211178,1154

Iteration_3
Confusion matrix not normalized
,,Alt,Big,Mac,Mil,Myc,Pse,Syl
,Alt,167,1,9,3,10,7,0
,Big,7,102,11,0,4,8,1
,Mac,1,4,112,2,12,24,0
,Mil,0,1,2,171,0,2,3
,Myc,12,7,9,9,112,6,0
,Pse,8,11,12,5,10,111,0
,Syl,1,5,2,8,1,4,157

Confusion matrix normalized
,,Alt,Big,Mac,Mil,Myc,Pse,Syl
,Alt,0.8477157360406091,0.005076142131979695,0.04568527918781726,0.015228426395939087,0.050761421319796954,0.03553299492385787,0.0
,Big,0.05263157894736842,0.7669172932330827,0.08270676691729323,0.0,0.03007518796992481,0.06015037593984962,0.007518796992481203
,Mac,0.0064516129032258064,0.025806451612903226,0.7225806451612903,0.012903225806451613,0.07741935483870968,0.15483870967741936,0.0
,Mil,0.0,0.00558659217877095,0.0111731843575419,0.9553072625698324,0.0,0.0111731843575419,0.01675977653631285
,Myc,0.07741935483870968,0.04516129032258064,0.05806451612903226,0.05806451612903226,0.7225806451612903,0.03870967741935484,0.0
,Pse,0.050955414012738856,0.07006369426751592,0.07643312101910828,0.03184713375796178,0.06369426751592357,0.7070063694267515,0.0
,Syl,0.0056179775280898875,0.028089887640449437,0.011235955056179775,0.0449438202247191,0.0056179775280898875,0.02247191011235955,0.8820224719101124

accuracy,0.8076256499133448

,precision,recall,f1-score,support
Alt,0.8520408163265306,0.8477157360406091,0.8498727735368956,197
Big,0.7786259541984732,0.7669172932330827,0.7727272727272726,133
Mac,0.7133757961783439,0.7225806451612903,0.717948717948718,155
Mil,0.8636363636363636,0.9553072625698324,0.9071618037135277,179
Myc,0.7516778523489933,0.7225806451612903,0.736842105263158,155
Pse,0.6851851851851852,0.7070063694267515,0.6959247648902821,157
Syl,0.9751552795031055,0.8820224719101124,0.9262536873156343,178
macro avg,0.802813892482428,0.8005900605004241,0.8009615893422126,1154
weighted avg,0.8095625919956645,0.8076256499133448,0.8078037682426474,1154

Iteration_4
Confusion matrix not normalized
,,Alt,Big,Mac,Mil,Myc,Pse,Syl
,Alt,169,0,6,2,12,8,0
,Big,8,97,12,0,5,11,0
,Mac,6,8,101,1,12,26,1
,Mil,0,0,3,168,0,4,4
,Myc,8,6,8,3,119,10,0
,Pse,4,12,9,6,13,114,0
,Syl,2,6,8,12,7,2,141

Confusion matrix normalized
,,Alt,Big,Mac,Mil,Myc,Pse,Syl
,Alt,0.8578680203045685,0.0,0.030456852791878174,0.01015228426395939,0.06091370558375635,0.04060913705583756,0.0
,Big,0.06015037593984962,0.7293233082706767,0.09022556390977443,0.0,0.03759398496240601,0.08270676691729323,0.0
,Mac,0.03870967741935484,0.05161290322580645,0.6516129032258065,0.0064516129032258064,0.07741935483870968,0.16774193548387098,0.0064516129032258064
,Mil,0.0,0.0,0.01675977653631285,0.9385474860335196,0.0,0.0223463687150838,0.0223463687150838
,Myc,0.05194805194805195,0.03896103896103896,0.05194805194805195,0.01948051948051948,0.7727272727272727,0.06493506493506493,0.0
,Pse,0.02531645569620253,0.0759493670886076,0.056962025316455694,0.0379746835443038,0.08227848101265822,0.7215189873417721,0.0
,Syl,0.011235955056179775,0.033707865168539325,0.0449438202247191,0.06741573033707865,0.03932584269662921,0.011235955056179775,0.7921348314606742

accuracy,0.7876949740034662

,precision,recall,f1-score,support
Alt,0.8578680203045685,0.8578680203045685,0.8578680203045685,197
Big,0.751937984496124,0.7293233082706767,0.7404580152671756,133
Mac,0.6870748299319728,0.6516129032258065,0.6688741721854305,155
Mil,0.875,0.9385474860335196,0.9056603773584906,179
Myc,0.7083333333333334,0.7727272727272727,0.7391304347826088,154
Pse,0.6514285714285715,0.7215189873417721,0.6846846846846847,158
Syl,0.9657534246575342,0.7921348314606742,0.8703703703703705,178
macro avg,0.7853423091645864,0.780533258480613,0.7810065821361898,1154
weighted avg,0.7937976670585174,0.7876949740034662,0.7887364066976377,1154

linear_none
Result global
Confusion matrix not normalized
,,Alt,Big,Mac,Mil,Myc,Pse,Syl
,Alt,865,13,16,6,58,30,0
,Big,22,533,34,2,17,56,1
,Mac,7,17,623,6,41,80,1
,Mil,0,1,6,837,3,17,30
,Myc,43,20,47,12,603,47,0
,Pse,24,70,48,22,53,571,0
,Syl,5,15,33,52,13,11,761

Confusion matrix normalized
,,Alt,Big,Mac,Mil,Myc,Pse,Syl
,Alt,0.8755060728744939,0.013157894736842105,0.016194331983805668,0.006072874493927126,0.058704453441295545,0.030364372469635626,0.0
,Big,0.03308270676691729,0.8015037593984963,0.05112781954887218,0.0030075187969924814,0.02556390977443609,0.08421052631578947,0.0015037593984962407
,Mac,0.00903225806451613,0.02193548387096774,0.8038709677419354,0.007741935483870968,0.05290322580645161,0.1032258064516129,0.0012903225806451613
,Mil,0.0,0.0011185682326621924,0.006711409395973154,0.9362416107382551,0.003355704697986577,0.01901565995525727,0.03355704697986577
,Myc,0.05569948186528497,0.025906735751295335,0.06088082901554404,0.015544041450777202,0.7810880829015544,0.06088082901554404,0.0
,Pse,0.030456852791878174,0.08883248730964467,0.06091370558375635,0.027918781725888325,0.06725888324873096,0.7246192893401016,0.0
,Syl,0.0056179775280898875,0.016853932584269662,0.03707865168539326,0.058426966292134834,0.014606741573033709,0.012359550561797753,0.8550561797752809

accuracy,0.8303880803880804

,precision,recall,f1-score,support
Alt,0.8954451345755694,0.8755060728744939,0.8853633572159673,988
Big,0.796711509715994,0.8015037593984963,0.7991004497751125,665
Mac,0.7719950433705081,0.8038709677419354,0.7876106194690266,775
Mil,0.8932764140875133,0.9362416107382551,0.9142545057345715,894
Myc,0.7652284263959391,0.7810880829015544,0.773076923076923,772
Pse,0.7032019704433498,0.7246192893401016,0.7137499999999999,788
Syl,0.9596469104665826,0.8550561797752809,0.9043374925727866,890
macro avg,0.826500772722208,0.825412280395731,0.8253561925491982,5772
weighted avg,0.8333963042152568,0.8303880803880804,0.8312531717342676,5772

Iteration_0
Confusion matrix not normalized
,,Alt,Big,Mac,Mil,Myc,Pse,Syl
,Alt,176,2,3,2,11,4,0
,Big,6,108,5,1,3,10,0
,Mac,2,3,121,1,11,17,0
,Mil,0,0,0,170,0,2,7
,Myc,11,4,7,1,122,9,0
,Pse,7,14,10,6,14,107,0
,Syl,1,2,9,8,3,3,152

Confusion matrix normalized
,,Alt,Big,Mac,Mil,Myc,Pse,Syl
,Alt,0.8888888888888888,0.010101010101010102,0.015151515151515152,0.010101010101010102,0.05555555555555555,0.020202020202020204,0.0
,Big,0.045112781954887216,0.8120300751879699,0.03759398496240601,0.007518796992481203,0.022556390977443608,0.07518796992481203,0.0
,Mac,0.012903225806451613,0.01935483870967742,0.7806451612903226,0.0064516129032258064,0.07096774193548387,0.10967741935483871,0.0
,Mil,0.0,0.0,0.0,0.9497206703910615,0.0,0.0111731843575419,0.03910614525139665
,Myc,0.07142857142857142,0.025974025974025976,0.045454545454545456,0.006493506493506494,0.7922077922077922,0.05844155844155844,0.0
,Pse,0.04430379746835443,0.08860759493670886,0.06329113924050633,0.0379746835443038,0.08860759493670886,0.6772151898734177,0.0
,Syl,0.0056179775280898875,0.011235955056179775,0.05056179775280899,0.0449438202247191,0.016853932584269662,0.016853932584269662,0.8539325842696629

accuracy,0.8277056277056277

,precision,recall,f1-score,support
Alt,0.8669950738916257,0.8888888888888888,0.8778054862842892,198
Big,0.8120300751879699,0.8120300751879699,0.8120300751879698,133
Mac,0.7806451612903226,0.7806451612903226,0.7806451612903226,155
Mil,0.8994708994708994,0.9497206703910615,0.9239130434782608,179
Myc,0.7439024390243902,0.7922077922077922,0.7672955974842767,154
Pse,0.7039473684210527,0.6772151898734177,0.6903225806451612,158
Syl,0.9559748427672956,0.8539325842696629,0.9020771513353114,178
macro avg,0.8232808371505081,0.8220914803013023,0.8220127279579418,1155
weighted avg,0.8291069242153193,0.8277056277056277,0.8276970941637206,1155

Iteration_1
Confusion matrix not normalized
,,Alt,Big,Mac,Mil,Myc,Pse,Syl
,Alt,167,4,5,1,12,9,0
,Big,3,114,7,0,2,7,0
,Mac,1,4,124,3,8,14,1
,Mil,0,0,0,164,1,4,10
,Myc,7,4,11,2,116,14,0
,Pse,4,18,7,1,10,118,0
,Syl,0,1,5,13,1,1,157

Confusion matrix normalized
,,Alt,Big,Mac,Mil,Myc,Pse,Syl
,Alt,0.8434343434343434,0.020202020202020204,0.025252525252525252,0.005050505050505051,0.06060606060606061,0.045454545454545456,0.0
,Big,0.022556390977443608,0.8571428571428571,0.05263157894736842,0.0,0.015037593984962405,0.05263157894736842,0.0
,Mac,0.0064516129032258064,0.025806451612903226,0.8,0.01935483870967742,0.05161290322580645,0.09032258064516129,0.0064516129032258064
,Mil,0.0,0.0,0.0,0.9162011173184358,0.00558659217877095,0.0223463687150838,0.055865921787709494
,Myc,0.045454545454545456,0.025974025974025976,0.07142857142857142,0.012987012987012988,0.7532467532467533,0.09090909090909091,0.0
,Pse,0.02531645569620253,0.11392405063291139,0.04430379746835443,0.006329113924050633,0.06329113924050633,0.7468354430379747,0.0
,Syl,0.0,0.0056179775280898875,0.028089887640449437,0.07303370786516854,0.0056179775280898875,0.0056179775280898875,0.8820224719101124

accuracy,0.8311688311688312

,precision,recall,f1-score,support
Alt,0.9175824175824175,0.8434343434343434,0.8789473684210527,198
Big,0.7862068965517242,0.8571428571428571,0.8201438848920864,133
Mac,0.779874213836478,0.8,0.7898089171974523,155
Mil,0.8913043478260869,0.9162011173184358,0.9035812672176308,179
Myc,0.7733333333333333,0.7532467532467533,0.763157894736842,154
Pse,0.7065868263473054,0.7468354430379747,0.7261538461538463,158
Syl,0.9345238095238095,0.8820224719101124,0.9075144508670521,178
macro avg,0.8270588350001651,0.8284118551557825,0.8270439470694233,1155
weighted avg,0.8344156773330452,0.8311688311688312,0.8320938011876134,1155

Iteration_2
Confusion matrix not normalized
,,Alt,Big,Mac,Mil,Myc,Pse,Syl
,Alt,178,5,3,0,8,4,0
,Big,3,104,9,1,2,14,0
,Mac,2,2,127,1,9,14,0
,Mil,0,0,3,164,0,4,7
,Myc,6,4,16,2,118,9,0
,Pse,4,14,12,3,8,116,0
,Syl,0,2,9,9,2,1,155

Confusion matrix normalized
,,Alt,Big,Mac,Mil,Myc,Pse,Syl
,Alt,0.898989898989899,0.025252525252525252,0.015151515151515152,0.0,0.04040404040404041,0.020202020202020204,0.0
,Big,0.022556390977443608,0.7819548872180451,0.06766917293233082,0.007518796992481203,0.015037593984962405,0.10526315789473684,0.0
,Mac,0.012903225806451613,0.012903225806451613,0.8193548387096774,0.0064516129032258064,0.05806451612903226,0.09032258064516129,0.0
,Mil,0.0,0.0,0.016853932584269662,0.9213483146067416,0.0,0.02247191011235955,0.03932584269662921
,Myc,0.03870967741935484,0.025806451612903226,0.1032258064516129,0.012903225806451613,0.7612903225806451,0.05806451612903226,0.0
,Pse,0.025477707006369428,0.08917197452229299,0.07643312101910828,0.01910828025477707,0.050955414012738856,0.7388535031847133,0.0
,Syl,0.0,0.011235955056179775,0.05056179775280899,0.05056179775280899,0.011235955056179775,0.0056179775280898875,0.8707865168539326

accuracy,0.8336221837088388

,precision,recall,f1-score,support
Alt,0.9222797927461139,0.898989898989899,0.9104859335038363,198
Big,0.7938931297709924,0.7819548872180451,0.7878787878787878,133
Mac,0.7094972067039106,0.8193548387096774,0.7604790419161676,155
Mil,0.9111111111111111,0.9213483146067416,0.9162011173184358,178
Myc,0.8027210884353742,0.7612903225806451,0.7814569536423841,155
Pse,0.7160493827160493,0.7388535031847133,0.7272727272727272,157
Syl,0.9567901234567902,0.8707865168539326,0.911764705882353,178
macro avg,0.8303345478486203,0.8275111831633791,0.8279341810592417,1154
weighted avg,0.8383875162992789,0.8336221837088388,0.8350293827077749,1154

Iteration_3
Confusion matrix not normalized
,,Alt,Big,Mac,Mil,Myc,Pse,Syl
,Alt,173,1,1,2,14,6,0
,Big,3,108,5,0,3,13,1
,Mac,1,4,129,1,3,17,0
,Mil,0,1,2,172,0,2,2
,Myc,12,3,6,6,122,6,0
,Pse,6,9,12,6,9,115,0
,Syl,2,5,2,11,2,4,152

Confusion matrix normalized
,,Alt,Big,Mac,Mil,Myc,Pse,Syl
,Alt,0.8781725888324873,0.005076142131979695,0.005076142131979695,0.01015228426395939,0.07106598984771574,0.030456852791878174,0.0
,Big,0.022556390977443608,0.8120300751879699,0.03759398496240601,0.0,0.022556390977443608,0.09774436090225563,0.007518796992481203
,Mac,0.0064516129032258064,0.025806451612903226,0.832258064516129,0.0064516129032258064,0.01935483870967742,0.10967741935483871,0.0
,Mil,0.0,0.00558659217877095,0.0111731843575419,0.9608938547486033,0.0,0.0111731843575419,0.0111731843575419
,Myc,0.07741935483870968,0.01935483870967742,0.03870967741935484,0.03870967741935484,0.7870967741935484,0.03870967741935484,0.0
,Pse,0.03821656050955414,0.05732484076433121,0.07643312101910828,0.03821656050955414,0.05732484076433121,0.732484076433121,0.0
,Syl,0.011235955056179775,0.028089887640449437,0.011235955056179775,0.06179775280898876,0.011235955056179775,0.02247191011235955,0.8539325842696629

accuracy,0.841421143847487

,precision,recall,f1-score,support
Alt,0.8781725888324873,0.8781725888324873,0.8781725888324872,197
Big,0.8244274809160306,0.8120300751879699,0.8181818181818181,133
Mac,0.821656050955414,0.832258064516129,0.8269230769230769,155
Mil,0.8686868686868687,0.9608938547486033,0.9124668435013263,179
Myc,0.7973856209150327,0.7870967741935484,0.7922077922077922,155
Pse,0.7055214723926381,0.732484076433121,0.71875,157
Syl,0.9806451612903225,0.8539325842696629,0.9129129129129129,178
macro avg,0.8394993205698277,0.8366954311687888,0.8370878617942019,1154
weighted avg,0.8443821260589448,0.841421143847487,0.8418174003628272,1154

Iteration_4
Confusion matrix not normalized
,,Alt,Big,Mac,Mil,Myc,Pse,Syl
,Alt,171,1,4,1,13,7,0
,Big,7,99,8,0,7,12,0
,Mac,1,4,122,0,10,18,0
,Mil,0,0,1,167,2,5,4
,Myc,7,5,7,1,125,9,0
,Pse,3,15,7,6,12,115,0
,Syl,2,5,8,11,5,2,145

Confusion matrix normalized
,,Alt,Big,Mac,Mil,Myc,Pse,Syl
,Alt,0.868020304568528,0.005076142131979695,0.02030456852791878,0.005076142131979695,0.06598984771573604,0.03553299492385787,0.0
,Big,0.05263157894736842,0.7443609022556391,0.06015037593984962,0.0,0.05263157894736842,0.09022556390977443,0.0
,Mac,0.0064516129032258064,0.025806451612903226,0.7870967741935484,0.0,0.06451612903225806,0.11612903225806452,0.0
,Mil,0.0,0.0,0.00558659217877095,0.9329608938547486,0.0111731843575419,0.027932960893854747,0.0223463687150838
,Myc,0.045454545454545456,0.032467532467532464,0.045454545454545456,0.006493506493506494,0.8116883116883117,0.05844155844155844,0.0
,Pse,0.0189873417721519,0.0949367088607595,0.04430379746835443,0.0379746835443038,0.0759493670886076,0.7278481012658228,0.0
,Syl,0.011235955056179775,0.028089887640449437,0.0449438202247191,0.06179775280898876,0.028089887640449437,0.011235955056179775,0.8146067415730337

accuracy,0.8180242634315424

,precision,recall,f1-score,support
Alt,0.8952879581151832,0.868020304568528,0.8814432989690723,197
Big,0.7674418604651163,0.7443609022556391,0.7557251908396948,133
Mac,0.7770700636942676,0.7870967741935484,0.782051282051282,155
Mil,0.8978494623655914,0.9329608938547486,0.915068493150685,179
Myc,0.7183908045977011,0.8116883116883117,0.7621951219512195,154
Pse,0.6845238095238095,0.7278481012658228,0.705521472392638,158
Syl,0.9731543624161074,0.8146067415730337,0.8868501529051989,178
macro avg,0.816245474453968,0.8123688613428046,0.8126935731799699,1154
weighted avg,0.82461943773785,0.8180242634315424,0.8196540363138284,1154

quatra
Result global
Confusion matrix not normalized
,,Alt,Big,Mac,Mil,Myc,Pse,Syl
,Alt,878,27,20,6,37,10,10
,Big,34,519,37,1,29,26,19
,Mac,25,49,583,23,41,41,13
,Mil,8,0,7,846,0,8,25
,Myc,81,23,66,26,542,27,7
,Pse,30,87,135,40,46,432,18
,Syl,16,20,18,70,2,1,763

Confusion matrix normalized
,,Alt,Big,Mac,Mil,Myc,Pse,Syl
,Alt,0.888663967611336,0.027327935222672066,0.020242914979757085,0.006072874493927126,0.03744939271255061,0.010121457489878543,0.010121457489878543
,Big,0.05112781954887218,0.7804511278195488,0.055639097744360905,0.0015037593984962407,0.04360902255639098,0.039097744360902256,0.02857142857142857
,Mac,0.03225806451612903,0.06322580645161291,0.752258064516129,0.02967741935483871,0.05290322580645161,0.05290322580645161,0.016774193548387096
,Mil,0.008948545861297539,0.0,0.007829977628635347,0.9463087248322147,0.0,0.008948545861297539,0.02796420581655481
,Myc,0.10492227979274611,0.029792746113989636,0.08549222797927461,0.03367875647668394,0.7020725388601037,0.034974093264248704,0.009067357512953367
,Pse,0.03807106598984772,0.11040609137055837,0.1713197969543147,0.050761421319796954,0.0583756345177665,0.5482233502538071,0.02284263959390863
,Syl,0.017977528089887642,0.02247191011235955,0.020224719101123594,0.07865168539325842,0.0022471910112359553,0.0011235955056179776,0.8573033707865169

accuracy,0.7905405405405406

,precision,recall,f1-score,support
Alt,0.8190298507462687,0.888663967611336,0.8524271844660195,988
Big,0.7158620689655173,0.7804511278195488,0.7467625899280576,665
Mac,0.6732101616628176,0.752258064516129,0.7105423522242533,775
Mil,0.8359683794466403,0.9463087248322147,0.887722980062959,894
Myc,0.7776183644189383,0.7020725388601037,0.7379169503063309,772
Pse,0.7926605504587156,0.5482233502538071,0.6481620405101276,788
Syl,0.8923976608187134,0.8573033707865169,0.8744985673352436,890
macro avg,0.7866781480739444,0.7821830206685224,0.7797189521189988,5772
weighted avg,0.7923622980136705,0.7905405405405406,0.7868706074482851,5772

Iteration_0
Confusion matrix not normalized
,,Alt,Big,Mac,Mil,Myc,Pse,Syl
,Alt,184,3,4,0,7,0,0
,Big,8,101,4,0,8,8,4
,Mac,7,14,114,5,6,8,1
,Mil,2,0,1,171,0,1,4
,Myc,18,3,18,5,99,9,2
,Pse,9,12,30,10,9,82,6
,Syl,2,5,2,18,0,0,151

Confusion matrix normalized
,,Alt,Big,Mac,Mil,Myc,Pse,Syl
,Alt,0.9292929292929293,0.015151515151515152,0.020202020202020204,0.0,0.03535353535353535,0.0,0.0
,Big,0.06015037593984962,0.7593984962406015,0.03007518796992481,0.0,0.06015037593984962,0.06015037593984962,0.03007518796992481
,Mac,0.04516129032258064,0.09032258064516129,0.7354838709677419,0.03225806451612903,0.03870967741935484,0.05161290322580645,0.0064516129032258064
,Mil,0.0111731843575419,0.0,0.00558659217877095,0.9553072625698324,0.0,0.00558659217877095,0.0223463687150838
,Myc,0.11688311688311688,0.01948051948051948,0.11688311688311688,0.032467532467532464,0.6428571428571429,0.05844155844155844,0.012987012987012988
,Pse,0.056962025316455694,0.0759493670886076,0.189873417721519,0.06329113924050633,0.056962025316455694,0.5189873417721519,0.0379746835443038
,Syl,0.011235955056179775,0.028089887640449437,0.011235955056179775,0.10112359550561797,0.0,0.0,0.848314606741573

accuracy,0.780952380952381

,precision,recall,f1-score,support
Alt,0.8,0.9292929292929293,0.8598130841121495,198
Big,0.7318840579710145,0.7593984962406015,0.7453874538745388,133
Mac,0.6589595375722543,0.7354838709677419,0.6951219512195121,155
Mil,0.8181818181818182,0.9553072625698324,0.8814432989690721,179
Myc,0.7674418604651163,0.6428571428571429,0.6996466431095407,154
Pse,0.7592592592592593,0.5189873417721519,0.6165413533834587,158
Syl,0.8988095238095238,0.848314606741573,0.8728323699421965,178
macro avg,0.7763622938941409,0.7699488072059962,0.7672551649443528,1155
weighted avg,0.7813601369706286,0.780952380952381,0.7752597867508003,1155

Iteration_1
Confusion matrix not normalized
,,Alt,Big,Mac,Mil,Myc,Pse,Syl
,Alt,177,2,6,1,3,6,3
,Big,6,97,17,0,7,3,3
,Mac,4,5,121,7,8,6,4
,Mil,1,0,1,171,0,1,5
,Myc,12,2,13,3,117,4,3
,Pse,4,16,48,9,8,69,4
,Syl,3,4,5,15,0,0,151

Confusion matrix normalized
,,Alt,Big,Mac,Mil,Myc,Pse,Syl
,Alt,0.8939393939393939,0.010101010101010102,0.030303030303030304,0.005050505050505051,0.015151515151515152,0.030303030303030304,0.015151515151515152
,Big,0.045112781954887216,0.7293233082706767,0.12781954887218044,0.0,0.05263157894736842,0.022556390977443608,0.022556390977443608
,Mac,0.025806451612903226,0.03225806451612903,0.7806451612903226,0.04516129032258064,0.05161290322580645,0.03870967741935484,0.025806451612903226
,Mil,0.00558659217877095,0.0,0.00558659217877095,0.9553072625698324,0.0,0.00558659217877095,0.027932960893854747
,Myc,0.07792207792207792,0.012987012987012988,0.08441558441558442,0.01948051948051948,0.7597402597402597,0.025974025974025976,0.01948051948051948
,Pse,0.02531645569620253,0.10126582278481013,0.3037974683544304,0.056962025316455694,0.05063291139240506,0.43670886075949367,0.02531645569620253
,Syl,0.016853932584269662,0.02247191011235955,0.028089887640449437,0.08426966292134831,0.0,0.0,0.848314606741573

accuracy,0.7818181818181819

,precision,recall,f1-score,support
Alt,0.855072463768116,0.8939393939393939,0.8740740740740741,198
Big,0.7698412698412699,0.7293233082706767,0.7490347490347491,133
Mac,0.5734597156398105,0.7806451612903226,0.6612021857923498,155
Mil,0.8300970873786407,0.9553072625698324,0.8883116883116884,179
Myc,0.8181818181818182,0.7597402597402597,0.787878787878788,154
Pse,0.7752808988764045,0.43670886075949367,0.5587044534412956,158
Syl,0.8728323699421965,0.848314606741573,0.8603988603988603,178
macro avg,0.7849665176611795,0.7719969790445074,0.7685149712759722,1155
weighted avg,0.7904981949368883,0.7818181818181819,0.7765732064259305,1155

Iteration_2
Confusion matrix not normalized
,,Alt,Big,Mac,Mil,Myc,Pse,Syl
,Alt,171,5,4,3,11,3,1
,Big,6,103,10,1,2,9,2
,Mac,3,7,118,7,8,10,2
,Mil,1,0,1,171,0,1,4
,Myc,13,4,8,8,113,9,0
,Pse,5,12,8,4,7,118,3
,Syl,3,3,3,16,2,0,151

Confusion matrix normalized
,,Alt,Big,Mac,Mil,Myc,Pse,Syl
,Alt,0.8636363636363636,0.025252525252525252,0.020202020202020204,0.015151515151515152,0.05555555555555555,0.015151515151515152,0.005050505050505051
,Big,0.045112781954887216,0.7744360902255639,0.07518796992481203,0.007518796992481203,0.015037593984962405,0.06766917293233082,0.015037593984962405
,Mac,0.01935483870967742,0.04516129032258064,0.7612903225806451,0.04516129032258064,0.05161290322580645,0.06451612903225806,0.012903225806451613
,Mil,0.0056179775280898875,0.0,0.0056179775280898875,0.9606741573033708,0.0,0.0056179775280898875,0.02247191011235955
,Myc,0.08387096774193549,0.025806451612903226,0.05161290322580645,0.05161290322580645,0.7290322580645161,0.05806451612903226,0.0
,Pse,0.03184713375796178,0.07643312101910828,0.050955414012738856,0.025477707006369428,0.044585987261146494,0.7515923566878981,0.01910828025477707
,Syl,0.016853932584269662,0.016853932584269662,0.016853932584269662,0.0898876404494382,0.011235955056179775,0.0,0.848314606741573

accuracy,0.8188908145580589

,precision,recall,f1-score,support
Alt,0.8465346534653465,0.8636363636363636,0.855,198
Big,0.7686567164179104,0.7744360902255639,0.7715355805243446,133
Mac,0.7763157894736842,0.7612903225806451,0.768729641693811,155
Mil,0.8142857142857143,0.9606741573033708,0.8814432989690723,178
Myc,0.7902097902097902,0.7290322580645161,0.7583892617449665,155
Pse,0.7866666666666666,0.7515923566878981,0.768729641693811,157
Syl,0.9263803680981595,0.848314606741573,0.8856304985337243,178
macro avg,0.8155785283738961,0.8127108793199901,0.8127797033085329,1154
weighted avg,0.8197590111366164,0.8188908145580589,0.8178833205755411,1154

Iteration_3
Confusion matrix not normalized
,,Alt,Big,Mac,Mil,Myc,Pse,Syl
,Alt,166,15,3,2,7,0,4
,Big,7,119,0,0,1,0,6
,Mac,1,16,120,4,4,7,3
,Mil,2,0,3,165,0,1,8
,Myc,21,12,17,4,97,4,0
,Pse,3,24,17,9,2,97,5
,Syl,4,5,2,8,0,1,158

Confusion matrix normalized
,,Alt,Big,Mac,Mil,Myc,Pse,Syl
,Alt,0.8426395939086294,0.07614213197969544,0.015228426395939087,0.01015228426395939,0.03553299492385787,0.0,0.02030456852791878
,Big,0.05263157894736842,0.8947368421052632,0.0,0.0,0.007518796992481203,0.0,0.045112781954887216
,Mac,0.0064516129032258064,0.1032258064516129,0.7741935483870968,0.025806451612903226,0.025806451612903226,0.04516129032258064,0.01935483870967742
,Mil,0.0111731843575419,0.0,0.01675977653631285,0.9217877094972067,0.0,0.00558659217877095,0.0446927374301676
,Myc,0.13548387096774195,0.07741935483870968,0.10967741935483871,0.025806451612903226,0.6258064516129033,0.025806451612903226,0.0
,Pse,0.01910828025477707,0.15286624203821655,0.10828025477707007,0.05732484076433121,0.012738853503184714,0.6178343949044586,0.03184713375796178
,Syl,0.02247191011235955,0.028089887640449437,0.011235955056179775,0.0449438202247191,0.0,0.0056179775280898875,0.8876404494382022

accuracy,0.7989601386481803

,precision,recall,f1-score,support
Alt,0.8137254901960784,0.8426395939086294,0.827930174563591,197
Big,0.6230366492146597,0.8947368421052632,0.7345679012345678,133
Mac,0.7407407407407407,0.7741935483870968,0.7570977917981072,155
Mil,0.859375,0.9217877094972067,0.8894878706199462,179
Myc,0.8738738738738738,0.6258064516129033,0.7293233082706767,155
Pse,0.8818181818181818,0.6178343949044586,0.7265917602996254,157
Syl,0.8586956521739131,0.8876404494382022,0.8729281767955801,178
macro avg,0.807323655431064,0.7949484271219658,0.7911324262260134,1154
weighted avg,0.8133054305128713,0.7989601386481803,0.7971139483895245,1154

Iteration_4
Confusion matrix not normalized
,,Alt,Big,Mac,Mil,Myc,Pse,Syl
,Alt,180,2,3,0,9,1,2
,Big,7,99,6,0,11,6,4
,Mac,10,7,110,0,15,10,3
,Mil,2,0,1,168,0,4,4
,Myc,17,2,10,6,116,1,2
,Pse,9,23,32,8,20,66,0
,Syl,4,3,6,13,0,0,152

Confusion matrix normalized
,,Alt,Big,Mac,Mil,Myc,Pse,Syl
,Alt,0.9137055837563451,0.01015228426395939,0.015228426395939087,0.0,0.04568527918781726,0.005076142131979695,0.01015228426395939
,Big,0.05263157894736842,0.7443609022556391,0.045112781954887216,0.0,0.08270676691729323,0.045112781954887216,0.03007518796992481
,Mac,0.06451612903225806,0.04516129032258064,0.7096774193548387,0.0,0.0967741935483871,0.06451612903225806,0.01935483870967742
,Mil,0.0111731843575419,0.0,0.00558659217877095,0.9385474860335196,0.0,0.0223463687150838,0.0223463687150838
,Myc,0.11038961038961038,0.012987012987012988,0.06493506493506493,0.03896103896103896,0.7532467532467533,0.006493506493506494,0.012987012987012988
,Pse,0.056962025316455694,0.14556962025316456,0.20253164556962025,0.05063291139240506,0.12658227848101267,0.4177215189873418,0.0
,Syl,0.02247191011235955,0.016853932584269662,0.033707865168539325,0.07303370786516854,0.0,0.0,0.8539325842696629

accuracy,0.7720970537261699

,precision,recall,f1-score,support
Alt,0.7860262008733624,0.9137055837563451,0.8450704225352111,197
Big,0.7279411764705882,0.7443609022556391,0.7360594795539034,133
Mac,0.6547619047619048,0.7096774193548387,0.6811145510835913,155
Mil,0.8615384615384616,0.9385474860335196,0.8983957219251338,179
Myc,0.6783625730994152,0.7532467532467533,0.7138461538461539,154
Pse,0.75,0.4177215189873418,0.5365853658536586,158
Syl,0.9101796407185628,0.8539325842696629,0.881159420289855,178
macro avg,0.7669728510660422,0.7615988925577287,0.7560330164410723,1154
weighted avg,0.7732639776441375,0.7720970537261699,0.7645749965090479,1154

svc
Result global
Confusion matrix not normalized
,,Alt,Big,Mac,Mil,Myc,Pse,Syl
,Alt,715,2,31,131,68,4,37
,Big,167,214,43,69,47,83,42
,Mac,65,58,283,75,158,122,14
,Mil,20,0,9,653,39,2,171
,Myc,83,3,90,74,495,22,5
,Pse,69,91,90,80,94,358,6
,Syl,24,7,12,44,3,1,799

Confusion matrix normalized
,,Alt,Big,Mac,Mil,Myc,Pse,Syl
,Alt,0.7236842105263158,0.0020242914979757085,0.03137651821862348,0.1325910931174089,0.06882591093117409,0.004048582995951417,0.03744939271255061
,Big,0.2511278195488722,0.3218045112781955,0.06466165413533835,0.1037593984962406,0.07067669172932331,0.12481203007518797,0.06315789473684211
,Mac,0.08387096774193549,0.07483870967741936,0.36516129032258066,0.0967741935483871,0.20387096774193547,0.15741935483870967,0.01806451612903226
,Mil,0.02237136465324385,0.0,0.010067114093959731,0.7304250559284117,0.0436241610738255,0.0022371364653243847,0.1912751677852349
,Myc,0.10751295336787564,0.0038860103626943004,0.11658031088082901,0.09585492227979274,0.6411917098445595,0.02849740932642487,0.006476683937823834
,Pse,0.08756345177664974,0.11548223350253807,0.11421319796954314,0.10152284263959391,0.11928934010152284,0.4543147208121827,0.007614213197969543
,Syl,0.02696629213483146,0.007865168539325843,0.01348314606741573,0.04943820224719101,0.0033707865168539327,0.0011235955056179776,0.8977528089887641

accuracy,0.6093208593208593

,precision,recall,f1-score,support
Alt,0.6255468066491688,0.7236842105263158,0.671046457062412,988
Big,0.5706666666666667,0.3218045112781955,0.4115384615384615,665
Mac,0.507168458781362,0.36516129032258066,0.4246061515378845,775
Mil,0.5799289520426287,0.7304250559284117,0.6465346534653464,894
Myc,0.547566371681416,0.6411917098445595,0.5906921241050119,772
Pse,0.6047297297297297,0.4543147208121827,0.518840579710145,788
Syl,0.7439478584729982,0.8977528089887641,0.8136456211812628,890
macro avg,0.5970792634319958,0.59061918681443,0.5824148640857892,5772
weighted avg,0.601248696637288,0.6093208593208593,0.5947234968143811,5772

Iteration_0
Confusion matrix not normalized
,,Alt,Big,Mac,Mil,Myc,Pse,Syl
,Alt,137,0,5,31,13,3,9
,Big,41,28,11,13,9,25,6
,Mac,16,12,52,15,38,20,2
,Mil,1,0,0,135,10,0,33
,Myc,13,0,18,19,98,3,3
,Pse,17,20,12,17,29,62,1
,Syl,4,3,4,8,0,0,159

Confusion matrix normalized
,,Alt,Big,Mac,Mil,Myc,Pse,Syl
,Alt,0.6919191919191919,0.0,0.025252525252525252,0.15656565656565657,0.06565656565656566,0.015151515151515152,0.045454545454545456
,Big,0.3082706766917293,0.21052631578947367,0.08270676691729323,0.09774436090225563,0.06766917293233082,0.18796992481203006,0.045112781954887216
,Mac,0.1032258064516129,0.07741935483870968,0.33548387096774196,0.0967741935483871,0.24516129032258063,0.12903225806451613,0.012903225806451613
,Mil,0.00558659217877095,0.0,0.0,0.7541899441340782,0.055865921787709494,0.0,0.18435754189944134
,Myc,0.08441558441558442,0.0,0.11688311688311688,0.12337662337662338,0.6363636363636364,0.01948051948051948,0.01948051948051948
,Pse,0.10759493670886076,0.12658227848101267,0.0759493670886076,0.10759493670886076,0.18354430379746836,0.3924050632911392,0.006329113924050633
,Syl,0.02247191011235955,0.016853932584269662,0.02247191011235955,0.0449438202247191,0.0,0.0,0.8932584269662921

accuracy,0.580952380952381

,precision,recall,f1-score,support
Alt,0.5982532751091703,0.6919191919191919,0.6416861826697892,198
Big,0.4444444444444444,0.21052631578947367,0.2857142857142857,133
Mac,0.5098039215686274,0.33548387096774196,0.4046692607003891,155
Mil,0.5672268907563025,0.7541899441340782,0.6474820143884893,179
Myc,0.49746192893401014,0.6363636363636364,0.5584045584045584,154
Pse,0.5486725663716814,0.3924050632911392,0.4575645756457564,158
Syl,0.7464788732394366,0.8932584269662921,0.8132992327365729,178
macro avg,0.5589059857748103,0.5591637784902219,0.5441171586085487,1155
weighted avg,0.5664858206497188,0.580952380952381,0.5599425528365019,1155

Iteration_1
Confusion matrix not normalized
,,Alt,Big,Mac,Mil,Myc,Pse,Syl
,Alt,143,1,9,21,14,0,10
,Big,35,46,12,11,7,13,9
,Mac,13,10,61,16,35,17,3
,Mil,5,0,1,123,11,0,39
,Myc,20,2,15,14,96,7,0
,Pse,13,23,28,16,13,63,2
,Syl,4,1,1,9,0,0,163

Confusion matrix normalized
,,Alt,Big,Mac,Mil,Myc,Pse,Syl
,Alt,0.7222222222222222,0.005050505050505051,0.045454545454545456,0.10606060606060606,0.0707070707070707,0.0,0.050505050505050504
,Big,0.2631578947368421,0.3458646616541353,0.09022556390977443,0.08270676691729323,0.05263157894736842,0.09774436090225563,0.06766917293233082
,Mac,0.08387096774193549,0.06451612903225806,0.3935483870967742,0.1032258064516129,0.22580645161290322,0.10967741935483871,0.01935483870967742
,Mil,0.027932960893854747,0.0,0.00558659217877095,0.6871508379888268,0.061452513966480445,0.0,0.21787709497206703
,Myc,0.12987012987012986,0.012987012987012988,0.09740259740259741,0.09090909090909091,0.6233766233766234,0.045454545454545456,0.0
,Pse,0.08227848101265822,0.14556962025316456,0.17721518987341772,0.10126582278481013,0.08227848101265822,0.3987341772151899,0.012658227848101266
,Syl,0.02247191011235955,0.0056179775280898875,0.0056179775280898875,0.05056179775280899,0.0,0.0,0.9157303370786517

accuracy,0.6017316017316018

,precision,recall,f1-score,support
Alt,0.6137339055793991,0.7222222222222222,0.6635730858468678,198
Big,0.5542168674698795,0.3458646616541353,0.42592592592592593,133
Mac,0.48031496062992124,0.3935483870967742,0.43262411347517726,155
Mil,0.5857142857142857,0.6871508379888268,0.6323907455012854,179
Myc,0.5454545454545454,0.6233766233766234,0.5818181818181818,154
Pse,0.63,0.3987341772151899,0.4883720930232558,158
Syl,0.7212389380530974,0.9157303370786517,0.806930693069307,178
macro avg,0.5900962147001613,0.5838038923760605,0.575947834094286,1155
weighted avg,0.594322392807066,0.6017316017316018,0.5876075794313605,1155

Iteration_2
Confusion matrix not normalized
,,Alt,Big,Mac,Mil,Myc,Pse,Syl
,Alt,147,0,6,25,14,1,5
