B3_B3
Result global
Confusion matrix not normalized
,,Alt,Big,Mac,Mil,Myc,Pse,Syl
,Alt,1374,41,11,0,34,18,4
,Big,39,870,21,0,20,43,5
,Mac,14,28,963,4,32,73,11
,Mil,0,0,0,131,0,9,10
,Myc,31,16,48,1,1029,23,4
,Pse,16,43,67,4,28,1007,5
,Syl,1,0,10,6,3,6,1259

Confusion matrix normalized
,,Alt,Big,Mac,Mil,Myc,Pse,Syl
,Alt,0.9271255060728745,0.02766531713900135,0.007422402159244264,0.0,0.022941970310391364,0.012145748987854251,0.002699055330634278
,Big,0.03907815631262525,0.8717434869739479,0.021042084168336674,0.0,0.02004008016032064,0.04308617234468938,0.00501002004008016
,Mac,0.012444444444444444,0.024888888888888887,0.856,0.0035555555555555557,0.028444444444444446,0.06488888888888888,0.009777777777777778
,Mil,0.0,0.0,0.0,0.8733333333333333,0.0,0.06,0.06666666666666667
,Myc,0.026909722222222224,0.013888888888888888,0.041666666666666664,0.0008680555555555555,0.8932291666666666,0.019965277777777776,0.003472222222222222
,Pse,0.013675213675213675,0.03675213675213675,0.05726495726495726,0.003418803418803419,0.023931623931623933,0.8606837606837607,0.004273504273504274
,Syl,0.0007782101167315176,0.0,0.007782101167315175,0.004669260700389105,0.0023346303501945525,0.004669260700389105,0.9797665369649805

accuracy,0.9009779951100244

,precision,recall,f1-score,support
Alt,0.9315254237288135,0.9271255060728745,0.9293202570172472,1482
Big,0.8717434869739479,0.8717434869739479,0.8717434869739479,998
Mac,0.8598214285714286,0.856,0.8579064587973274,1125
Mil,0.8972602739726028,0.8733333333333333,0.8851351351351352,150
Myc,0.8979057591623036,0.8932291666666666,0.8955613577023498,1152
Pse,0.8541136556403732,0.8606837606837607,0.8573861217539379,1170
Syl,0.9699537750385208,0.9797665369649805,0.9748354626403406,1285
macro avg,0.8974748290125699,0.8945545415279376,0.895984040002898,7362
weighted avg,0.9009100568844824,0.9009779951100244,0.9009317676358158,7362

Iteration_0
Confusion matrix not normalized
,,Alt,Big,Mac,Mil,Myc,Pse,Syl
,Alt,279,11,1,0,5,1,0
,Big,12,169,5,0,2,8,3
,Mac,4,3,193,2,5,16,2
,Mil,0,0,0,25,0,3,2
,Myc,8,3,9,1,202,8,0
,Pse,5,7,15,1,2,202,2
,Syl,0,0,2,1,2,1,251

Confusion matrix normalized
,,Alt,Big,Mac,Mil,Myc,Pse,Syl
,Alt,0.9393939393939394,0.037037037037037035,0.003367003367003367,0.0,0.016835016835016835,0.003367003367003367,0.0
,Big,0.06030150753768844,0.8492462311557789,0.02512562814070352,0.0,0.010050251256281407,0.04020100502512563,0.01507537688442211
,Mac,0.017777777777777778,0.013333333333333334,0.8577777777777778,0.008888888888888889,0.022222222222222223,0.07111111111111111,0.008888888888888889
,Mil,0.0,0.0,0.0,0.8333333333333334,0.0,0.1,0.06666666666666667
,Myc,0.03463203463203463,0.012987012987012988,0.03896103896103896,0.004329004329004329,0.8744588744588745,0.03463203463203463,0.0
,Pse,0.021367521367521368,0.029914529914529916,0.0641025641025641,0.004273504273504274,0.008547008547008548,0.8632478632478633,0.008547008547008548
,Syl,0.0,0.0,0.007782101167315175,0.0038910505836575876,0.007782101167315175,0.0038910505836575876,0.9766536964980544

accuracy,0.8968092328581126

,precision,recall,f1-score,support
Alt,0.9058441558441559,0.9393939393939394,0.922314049586777,297
Big,0.8756476683937824,0.8492462311557789,0.8622448979591837,199
Mac,0.8577777777777778,0.8577777777777778,0.8577777777777779,225
Mil,0.8333333333333334,0.8333333333333334,0.8333333333333334,30
Myc,0.926605504587156,0.8744588744588745,0.8997772828507796,231
Pse,0.8451882845188284,0.8632478632478633,0.854122621564482,234
Syl,0.9653846153846154,0.9766536964980544,0.9709864603481625,257
macro avg,0.8871116199770928,0.8848731022665175,0.8857937747743565,1473
weighted avg,0.8969540913692886,0.8968092328581126,0.8966536140633041,1473

Iteration_1
Confusion matrix not normalized
,,Alt,Big,Mac,Mil,Myc,Pse,Syl
,Alt,276,4,1,0,10,4,2
,Big,6,176,4,0,5,8,0
,Mac,3,2,202,0,8,8,2
,Mil,0,0,0,26,0,2,2
,Myc,8,4,12,0,204,2,1
,Pse,2,7,12,0,9,203,1
,Syl,0,0,4,1,1,2,249

Confusion matrix normalized
,,Alt,Big,Mac,Mil,Myc,Pse,Syl
,Alt,0.9292929292929293,0.013468013468013467,0.003367003367003367,0.0,0.03367003367003367,0.013468013468013467,0.006734006734006734
,Big,0.03015075376884422,0.8844221105527639,0.020100502512562814,0.0,0.02512562814070352,0.04020100502512563,0.0
,Mac,0.013333333333333334,0.008888888888888889,0.8977777777777778,0.0,0.035555555555555556,0.035555555555555556,0.008888888888888889
,Mil,0.0,0.0,0.0,0.8666666666666667,0.0,0.06666666666666667,0.06666666666666667
,Myc,0.03463203463203463,0.017316017316017316,0.05194805194805195,0.0,0.8831168831168831,0.008658008658008658,0.004329004329004329
,Pse,0.008547008547008548,0.029914529914529916,0.05128205128205128,0.0,0.038461538461538464,0.8675213675213675,0.004273504273504274
,Syl,0.0,0.0,0.01556420233463035,0.0038910505836575876,0.0038910505836575876,0.007782101167315175,0.9688715953307393

accuracy,0.9069925322471147

,precision,recall,f1-score,support
Alt,0.9355932203389831,0.9292929292929293,0.9324324324324323,297
Big,0.9119170984455959,0.8844221105527639,0.8979591836734695,199
Mac,0.8595744680851064,0.8977777777777778,0.8782608695652173,225
Mil,0.9629629629629629,0.8666666666666667,0.912280701754386,30
Myc,0.8607594936708861,0.8831168831168831,0.8717948717948718,231
Pse,0.8864628820960698,0.8675213675213675,0.8768898488120951,234
Syl,0.9688715953307393,0.9688715953307393,0.9688715953307393,257
macro avg,0.9123059601329062,0.8996670471798753,0.9054985004804588,1473
weighted avg,0.9076059678804103,0.9069925322471147,0.9071149128953861,1473

Iteration_2
Confusion matrix not normalized
,,Alt,Big,Mac,Mil,Myc,Pse,Syl
,Alt,274,8,3,0,5,5,1
,Big,8,174,4,0,5,8,1
,Mac,0,8,194,0,4,18,1
,Mil,0,0,0,25,0,1,4
,Myc,9,5,9,0,202,5,0
,Pse,2,10,12,1,3,206,0
,Syl,0,0,2,2,0,2,251

Confusion matrix normalized
,,Alt,Big,Mac,Mil,Myc,Pse,Syl
,Alt,0.9256756756756757,0.02702702702702703,0.010135135135135136,0.0,0.016891891891891893,0.016891891891891893,0.0033783783783783786
,Big,0.04,0.87,0.02,0.0,0.025,0.04,0.005
,Mac,0.0,0.035555555555555556,0.8622222222222222,0.0,0.017777777777777778,0.08,0.0044444444444444444
,Mil,0.0,0.0,0.0,0.8333333333333334,0.0,0.03333333333333333,0.13333333333333333
,Myc,0.0391304347826087,0.021739130434782608,0.0391304347826087,0.0,0.8782608695652174,0.021739130434782608,0.0
,Pse,0.008547008547008548,0.042735042735042736,0.05128205128205128,0.004273504273504274,0.01282051282051282,0.8803418803418803,0.0
,Syl,0.0,0.0,0.007782101167315175,0.007782101167315175,0.0,0.007782101167315175,0.9766536964980544

accuracy,0.9008152173913043

,precision,recall,f1-score,support
Alt,0.9351535836177475,0.9256756756756757,0.9303904923599322,296
Big,0.848780487804878,0.87,0.8592592592592593,200
Mac,0.8660714285714286,0.8622222222222222,0.8641425389755012,225
Mil,0.8928571428571429,0.8333333333333334,0.8620689655172413,30
Myc,0.9223744292237442,0.8782608695652174,0.8997772828507795,230
Pse,0.8408163265306122,0.8803418803418803,0.8601252609603341,234
Syl,0.9728682170542635,0.9766536964980544,0.974757281553398,257
macro avg,0.8969888022371169,0.8894982396623404,0.8929315830680638,1472
weighted avg,0.9015880536268238,0.9008152173913043,0.9010001938213434,1472

Iteration_3
Confusion matrix not normalized
,,Alt,Big,Mac,Mil,Myc,Pse,Syl
,Alt,270,10,4,0,10,2,0
,Big,10,172,4,0,3,11,0
,Mac,4,7,190,0,8,14,2
,Mil,0,0,0,25,0,3,2
,Myc,3,3,12,0,208,3,1
,Pse,3,11,12,1,9,197,1
,Syl,0,0,2,1,0,0,254

Confusion matrix normalized
,,Alt,Big,Mac,Mil,Myc,Pse,Syl
,Alt,0.9121621621621622,0.033783783783783786,0.013513513513513514,0.0,0.033783783783783786,0.006756756756756757,0.0
,Big,0.05,0.86,0.02,0.0,0.015,0.055,0.0
,Mac,0.017777777777777778,0.03111111111111111,0.8444444444444444,0.0,0.035555555555555556,0.06222222222222222,0.008888888888888889
,Mil,0.0,0.0,0.0,0.8333333333333334,0.0,0.1,0.06666666666666667
,Myc,0.013043478260869565,0.013043478260869565,0.05217391304347826,0.0,0.9043478260869565,0.013043478260869565,0.004347826086956522
,Pse,0.01282051282051282,0.04700854700854701,0.05128205128205128,0.004273504273504274,0.038461538461538464,0.8418803418803419,0.004273504273504274
,Syl,0.0,0.0,0.007782101167315175,0.0038910505836575876,0.0,0.0,0.9883268482490273

accuracy,0.8940217391304348

,precision,recall,f1-score,support
Alt,0.9310344827586207,0.9121621621621622,0.9215017064846416,296
Big,0.8472906403940886,0.86,0.8535980148883374,200
Mac,0.8482142857142857,0.8444444444444444,0.846325167037862,225
Mil,0.9259259259259259,0.8333333333333334,0.8771929824561403,30
Myc,0.8739495798319328,0.9043478260869565,0.8888888888888888,230
Pse,0.8565217391304348,0.8418803418803419,0.8491379310344829,234
Syl,0.9769230769230769,0.9883268482490273,0.9825918762088974,257
macro avg,0.8942656758111951,0.883499279450895,0.8884623667141788,1472
weighted avg,0.8941399783464392,0.8940217391304348,0.8939482966348671,1472

Iteration_4
Confusion matrix not normalized
,,Alt,Big,Mac,Mil,Myc,Pse,Syl
,Alt,275,8,2,0,4,6,1
,Big,3,179,4,0,5,8,1
,Mac,3,8,184,2,7,17,4
,Mil,0,0,0,30,0,0,0
,Myc,3,1,6,0,213,5,2
,Pse,4,8,16,1,5,199,1
,Syl,1,0,0,1,0,1,254

Confusion matrix normalized
,,Alt,Big,Mac,Mil,Myc,Pse,Syl
,Alt,0.9290540540540541,0.02702702702702703,0.006756756756756757,0.0,0.013513513513513514,0.02027027027027027,0.0033783783783783786
,Big,0.015,0.895,0.02,0.0,0.025,0.04,0.005
,Mac,0.013333333333333334,0.035555555555555556,0.8177777777777778,0.008888888888888889,0.03111111111111111,0.07555555555555556,0.017777777777777778
,Mil,0.0,0.0,0.0,1.0,0.0,0.0,0.0
,Myc,0.013043478260869565,0.004347826086956522,0.02608695652173913,0.0,0.9260869565217391,0.021739130434782608,0.008695652173913044
,Pse,0.017094017094017096,0.03418803418803419,0.06837606837606838,0.004273504273504274,0.021367521367521368,0.8504273504273504,0.004273504273504274
,Syl,0.0038910505836575876,0.0,0.0,0.0038910505836575876,0.0,0.0038910505836575876,0.9883268482490273

accuracy,0.90625

,precision,recall,f1-score,support
Alt,0.9515570934256056,0.9290540540540541,0.9401709401709402,296
Big,0.8774509803921569,0.895,0.886138613861386,200
Mac,0.8679245283018868,0.8177777777777778,0.8421052631578947,225
Mil,0.8823529411764706,1.0,0.9375,30
Myc,0.9102564102564102,0.9260869565217391,0.918103448275862,230
Pse,0.8432203389830508,0.8504273504273504,0.846808510638298,234
Syl,0.9657794676806084,0.9883268482490273,0.9769230769230769,257
macro avg,0.8997916800308843,0.9152389981471354,0.9068214075753511,1472
weighted avg,0.9061022824120613,0.90625,0.9059125140186429,1472

B3_B4
Result global
Confusion matrix not normalized
,,Alt,Big,Mac,Mil,Myc,Pse,Syl
,Alt,1388,34,11,0,26,19,4
,Big,40,873,18,1,15,47,4
,Mac,13,23,950,3,36,85,15
,Mil,0,2,4,123,0,10,11
,Myc,37,15,36,0,1034,27,3
,Pse,17,54,69,8,33,985,4
,Syl,3,0,13,4,3,6,1256

Confusion matrix normalized
,,Alt,Big,Mac,Mil,Myc,Pse,Syl
,Alt,0.9365721997300944,0.022941970310391364,0.007422402159244264,0.0,0.017543859649122806,0.01282051282051282,0.002699055330634278
,Big,0.04008016032064128,0.874749498997996,0.018036072144288578,0.001002004008016032,0.01503006012024048,0.047094188376753505,0.004008016032064128
,Mac,0.011555555555555555,0.020444444444444446,0.8444444444444444,0.0026666666666666666,0.032,0.07555555555555556,0.013333333333333334
,Mil,0.0,0.013333333333333334,0.02666666666666667,0.82,0.0,0.06666666666666667,0.07333333333333333
,Myc,0.03211805555555555,0.013020833333333334,0.03125,0.0,0.8975694444444444,0.0234375,0.0026041666666666665
,Pse,0.01452991452991453,0.046153846153846156,0.05897435897435897,0.006837606837606838,0.028205128205128206,0.8418803418803419,0.003418803418803419
,Syl,0.0023346303501945525,0.0,0.010116731517509728,0.0031128404669260703,0.0023346303501945525,0.004669260700389105,0.977431906614786

accuracy,0.8977180114099429

,precision,recall,f1-score,support
Alt,0.9265687583444593,0.9365721997300944,0.9315436241610738,1482
Big,0.8721278721278721,0.874749498997996,0.8734367183591796,998
Mac,0.8628519527702089,0.8444444444444444,0.8535489667565138,1125
Mil,0.8848920863309353,0.82,0.8512110726643598,150
Myc,0.9014821272885789,0.8975694444444444,0.8995215311004784,1152
Pse,0.8354537743850721,0.8418803418803419,0.8386547467007238,1170
Syl,0.9683885890516577,0.977431906614786,0.9728892331525949,1285
macro avg,0.8931093086141119,0.8846639765874438,0.8886865561278464,7362
weighted avg,0.8974963922391451,0.8977180114099429,0.8975549125914952,7362

Iteration_0
Confusion matrix not normalized
,,Alt,Big,Mac,Mil,Myc,Pse,Syl
,Alt,285,6,2,0,4,0,0
,Big,9,170,3,0,3,12,2
,Mac,3,5,188,1,10,15,3
,Mil,0,2,0,24,0,2,2
,Myc,13,3,9,0,200,6,0
,Pse,5,5,18,1,5,198,2
,Syl,0,0,1,2,0,1,253

Confusion matrix normalized
,,Alt,Big,Mac,Mil,Myc,Pse,Syl
,Alt,0.9595959595959596,0.020202020202020204,0.006734006734006734,0.0,0.013468013468013467,0.0,0.0
,Big,0.04522613065326633,0.8542713567839196,0.01507537688442211,0.0,0.01507537688442211,0.06030150753768844,0.010050251256281407
,Mac,0.013333333333333334,0.022222222222222223,0.8355555555555556,0.0044444444444444444,0.044444444444444446,0.06666666666666667,0.013333333333333334
,Mil,0.0,0.06666666666666667,0.0,0.8,0.0,0.06666666666666667,0.06666666666666667
,Myc,0.05627705627705628,0.012987012987012988,0.03896103896103896,0.0,0.8658008658008658,0.025974025974025976,0.0
,Pse,0.021367521367521368,0.021367521367521368,0.07692307692307693,0.004273504273504274,0.021367521367521368,0.8461538461538461,0.008547008547008548
,Syl,0.0,0.0,0.0038910505836575876,0.007782101167315175,0.0,0.0038910505836575876,0.9844357976653697

accuracy,0.8947725729803123

,precision,recall,f1-score,support
Alt,0.9047619047619048,0.9595959595959596,0.9313725490196078,297
Big,0.8900523560209425,0.8542713567839196,0.8717948717948719,199
Mac,0.8506787330316742,0.8355555555555556,0.84304932735426,225
Mil,0.8571428571428571,0.8,0.8275862068965518,30
Myc,0.9009009009009009,0.8658008658008658,0.8830022075055187,231
Pse,0.8461538461538461,0.8461538461538461,0.8461538461538461,234
Syl,0.9656488549618321,0.9844357976653697,0.9749518304431599,257
macro avg,0.8879056361391368,0.8779733402222166,0.8825586913096881,1473
weighted avg,0.8942508954800846,0.8947725729803123,0.8941986705806346,1473

Iteration_1
Confusion matrix not normalized
,,Alt,Big,Mac,Mil,Myc,Pse,Syl
,Alt,277,7,1,0,6,4,2
,Big,8,174,7,1,3,6,0
,Mac,5,2,196,0,7,13,2
,Mil,0,0,1,25,0,2,2
,Myc,9,2,7,0,206,6,1
,Pse,2,8,13,0,9,201,1
,Syl,2,0,5,0,2,0,248

Confusion matrix normalized
,,Alt,Big,Mac,Mil,Myc,Pse,Syl
,Alt,0.9326599326599326,0.02356902356902357,0.003367003367003367,0.0,0.020202020202020204,0.013468013468013467,0.006734006734006734
,Big,0.04020100502512563,0.8743718592964824,0.035175879396984924,0.005025125628140704,0.01507537688442211,0.03015075376884422,0.0
,Mac,0.022222222222222223,0.008888888888888889,0.8711111111111111,0.0,0.03111111111111111,0.057777777777777775,0.008888888888888889
,Mil,0.0,0.0,0.03333333333333333,0.8333333333333334,0.0,0.06666666666666667,0.06666666666666667
,Myc,0.03896103896103896,0.008658008658008658,0.030303030303030304,0.0,0.8917748917748918,0.025974025974025976,0.004329004329004329
,Pse,0.008547008547008548,0.03418803418803419,0.05555555555555555,0.0,0.038461538461538464,0.8589743589743589,0.004273504273504274
,Syl,0.007782101167315175,0.0,0.019455252918287938,0.0,0.007782101167315175,0.0,0.9649805447470817

accuracy,0.9008825526137135

,precision,recall,f1-score,support
Alt,0.9141914191419142,0.9326599326599326,0.9233333333333333,297
Big,0.9015544041450777,0.8743718592964824,0.8877551020408162,199
Mac,0.8521739130434782,0.8711111111111111,0.8615384615384616,225
Mil,0.9615384615384616,0.8333333333333334,0.8928571428571429,30
Myc,0.8841201716738197,0.8917748917748918,0.8879310344827587,231
Pse,0.8663793103448276,0.8589743589743589,0.8626609442060087,234
Syl,0.96875,0.9649805447470817,0.9668615984405458,257
macro avg,0.9069582399839398,0.8896008616995987,0.8975625166998666,1473
weighted avg,0.9011831164075338,0.9008825526137135,0.9008712112334923,1473

Iteration_2
Confusion matrix not normalized
,,Alt,Big,Mac,Mil,Myc,Pse,Syl
,Alt,280,6,2,0,3,4,1
,Big,8,182,1,0,2,7,0
,Mac,1,8,188,2,6,17,3
,Mil,0,0,1,22,0,3,4
,Myc,6,4,6,0,208,6,0
,Pse,5,16,15,3,2,193,0
,Syl,0,0,2,1,0,3,251

Confusion matrix normalized
,,Alt,Big,Mac,Mil,Myc,Pse,Syl
,Alt,0.9459459459459459,0.02027027027027027,0.006756756756756757,0.0,0.010135135135135136,0.013513513513513514,0.0033783783783783786
,Big,0.04,0.91,0.005,0.0,0.01,0.035,0.0
,Mac,0.0044444444444444444,0.035555555555555556,0.8355555555555556,0.008888888888888889,0.02666666666666667,0.07555555555555556,0.013333333333333334
,Mil,0.0,0.0,0.03333333333333333,0.7333333333333333,0.0,0.1,0.13333333333333333
,Myc,0.02608695652173913,0.017391304347826087,0.02608695652173913,0.0,0.9043478260869565,0.02608695652173913,0.0
,Pse,0.021367521367521368,0.06837606837606838,0.0641025641025641,0.01282051282051282,0.008547008547008548,0.8247863247863247,0.0
,Syl,0.0,0.0,0.007782101167315175,0.0038910505836575876,0.0,0.011673151750972763,0.9766536964980544

accuracy,0.8994565217391305

,precision,recall,f1-score,support
Alt,0.9333333333333333,0.9459459459459459,0.9395973154362416,296
Big,0.8425925925925926,0.91,0.8749999999999999,200
Mac,0.8744186046511628,0.8355555555555556,0.8545454545454546,225
Mil,0.7857142857142857,0.7333333333333333,0.7586206896551724,30
Myc,0.9411764705882353,0.9043478260869565,0.9223946784922396,230
Pse,0.8283261802575107,0.8247863247863247,0.8265524625267666,234
Syl,0.9691119691119691,0.9766536964980544,0.9728682170542635,257
macro avg,0.8820962051784413,0.8758032403151672,0.8785112596728769,1472
weighted avg,0.8997700341579165,0.8994565217391305,0.8992821585590586,1472

Iteration_3
Confusion matrix not normalized
,,Alt,Big,Mac,Mil,Myc,Pse,Syl
,Alt,273,6,4,0,10,3,0
,Big,10,173,4,0,2,11,0
,Mac,4,4,188,0,8,17,4
,Mil,0,0,1,23,0,3,3
,Myc,6,3,10,0,204,6,1
,Pse,2,13,10,2,13,194,0
,Syl,1,0,2,0,0,1,253

Confusion matrix normalized
,,Alt,Big,Mac,Mil,Myc,Pse,Syl
,Alt,0.9222972972972973,0.02027027027027027,0.013513513513513514,0.0,0.033783783783783786,0.010135135135135136,0.0
,Big,0.05,0.865,0.02,0.0,0.01,0.055,0.0
,Mac,0.017777777777777778,0.017777777777777778,0.8355555555555556,0.0,0.035555555555555556,0.07555555555555556,0.017777777777777778
,Mil,0.0,0.0,0.03333333333333333,0.7666666666666667,0.0,0.1,0.1
,Myc,0.02608695652173913,0.013043478260869565,0.043478260869565216,0.0,0.8869565217391304,0.02608695652173913,0.004347826086956522
,Pse,0.008547008547008548,0.05555555555555555,0.042735042735042736,0.008547008547008548,0.05555555555555555,0.8290598290598291,0.0
,Syl,0.0038910505836575876,0.0,0.007782101167315175,0.0,0.0,0.0038910505836575876,0.9844357976653697

accuracy,0.8885869565217391

,precision,recall,f1-score,support
Alt,0.9222972972972973,0.9222972972972973,0.9222972972972973,296
Big,0.8693467336683417,0.865,0.8671679197994988,200
Mac,0.8584474885844748,0.8355555555555556,0.8468468468468469,225
Mil,0.92,0.7666666666666667,0.8363636363636363,30
Myc,0.8607594936708861,0.8869565217391304,0.8736616702355462,230
Pse,0.825531914893617,0.8290598290598291,0.8272921108742004,234
Syl,0.9693486590038314,0.9844357976653697,0.9768339768339768,257
macro avg,0.8893902267312068,0.8699959525691211,0.8786376368930002,1472
weighted avg,0.8885134433821807,0.8885869565217391,0.888342325907894,1472

Iteration_4
Confusion matrix not normalized
,,Alt,Big,Mac,Mil,Myc,Pse,Syl
,Alt,273,9,2,0,3,8,1
,Big,5,174,3,0,5,11,2
,Mac,0,4,190,0,5,23,3
,Mil,0,0,1,29,0,0,0
,Myc,3,3,4,0,216,3,1
,Pse,3,12,13,2,4,199,1
,Syl,0,0,3,1,1,1,251

Confusion matrix normalized
,,Alt,Big,Mac,Mil,Myc,Pse,Syl
,Alt,0.9222972972972973,0.030405405405405407,0.006756756756756757,0.0,0.010135135135135136,0.02702702702702703,0.0033783783783783786
,Big,0.025,0.87,0.015,0.0,0.025,0.055,0.01
,Mac,0.0,0.017777777777777778,0.8444444444444444,0.0,0.022222222222222223,0.10222222222222223,0.013333333333333334
,Mil,0.0,0.0,0.03333333333333333,0.9666666666666667,0.0,0.0,0.0
,Myc,0.013043478260869565,0.013043478260869565,0.017391304347826087,0.0,0.9391304347826087,0.013043478260869565,0.004347826086956522
,Pse,0.01282051282051282,0.05128205128205128,0.05555555555555555,0.008547008547008548,0.017094017094017096,0.8504273504273504,0.004273504273504274
,Syl,0.0,0.0,0.011673151750972763,0.0038910505836575876,0.0038910505836575876,0.0038910505836575876,0.9766536964980544

accuracy,0.904891304347826

,precision,recall,f1-score,support
Alt,0.9612676056338029,0.9222972972972973,0.9413793103448277,296
Big,0.8613861386138614,0.87,0.8656716417910448,200
Mac,0.8796296296296297,0.8444444444444444,0.8616780045351474,225
Mil,0.90625,0.9666666666666667,0.9354838709677419,30
Myc,0.9230769230769231,0.9391304347826087,0.9310344827586208,230
Pse,0.8122448979591836,0.8504273504273504,0.8308977035490605,234
Syl,0.9691119691119691,0.9766536964980544,0.9728682170542635,257
macro avg,0.9018524520036243,0.9099456985880602,0.9055733187143866,1472
weighted avg,0.9058093615142404,0.904891304347826,0.9051085576206704,1472

B3_B5
Result global
Confusion matrix not normalized
,,Alt,Big,Mac,Mil,Myc,Pse,Syl
,Alt,1388,31,7,0,35,17,4
,Big,36,873,15,3,18,49,4
,Mac,9,24,969,5,31,72,15
,Mil,1,1,2,130,1,10,5
,Myc,39,18,38,0,1023,31,3
,Pse,18,50,63,6,34,994,5
,Syl,0,5,7,8,3,7,1255

Confusion matrix normalized
,,Alt,Big,Mac,Mil,Myc,Pse,Syl
,Alt,0.9365721997300944,0.020917678812415654,0.004723346828609987,0.0,0.023616734143049933,0.011470985155195682,0.002699055330634278
,Big,0.036072144288577156,0.874749498997996,0.01503006012024048,0.003006012024048096,0.018036072144288578,0.04909819639278557,0.004008016032064128
,Mac,0.008,0.021333333333333333,0.8613333333333333,0.0044444444444444444,0.027555555555555555,0.064,0.013333333333333334
,Mil,0.006666666666666667,0.006666666666666667,0.013333333333333334,0.8666666666666667,0.006666666666666667,0.06666666666666667,0.03333333333333333
,Myc,0.033854166666666664,0.015625,0.03298611111111111,0.0,0.8880208333333334,0.026909722222222224,0.0026041666666666665
,Pse,0.015384615384615385,0.042735042735042736,0.05384615384615385,0.005128205128205128,0.02905982905982906,0.8495726495726496,0.004273504273504274
,Syl,0.0,0.0038910505836575876,0.005447470817120622,0.0062256809338521405,0.0023346303501945525,0.005447470817120622,0.9766536964980544

accuracy,0.9008421624558544

,precision,recall,f1-score,support
Alt,0.9309188464118041,0.9365721997300944,0.9337369660275815,1482
Big,0.8712574850299402,0.874749498997996,0.873,998
Mac,0.8801089918256131,0.8613333333333333,0.8706199460916442,1125
Mil,0.8552631578947368,0.8666666666666667,0.8609271523178809,150
Myc,0.8934497816593886,0.8880208333333334,0.890727035263387,1152
Pse,0.8423728813559322,0.8495726495726496,0.8459574468085106,1170
Syl,0.9721146398140976,0.9766536964980544,0.9743788819875776,1285
macro avg,0.8922122548559303,0.8933669825903039,0.8927639183566545,7362
weighted avg,0.9007805653014632,0.9008421624558544,0.9007882798963699,7362

Iteration_0
Confusion matrix not normalized
,,Alt,Big,Mac,Mil,Myc,Pse,Syl
,Alt,286,6,2,0,3,0,0
,Big,7,172,4,2,4,8,2
,Mac,5,3,190,2,6,14,5
,Mil,0,1,0,26,0,3,0
,Myc,12,2,8,0,195,14,0
,Pse,5,8,16,1,6,198,0
,Syl,0,1,3,2,1,1,249

Confusion matrix normalized
,,Alt,Big,Mac,Mil,Myc,Pse,Syl
,Alt,0.9629629629629629,0.020202020202020204,0.006734006734006734,0.0,0.010101010101010102,0.0,0.0
,Big,0.035175879396984924,0.864321608040201,0.020100502512562814,0.010050251256281407,0.020100502512562814,0.04020100502512563,0.010050251256281407
,Mac,0.022222222222222223,0.013333333333333334,0.8444444444444444,0.008888888888888889,0.02666666666666667,0.06222222222222222,0.022222222222222223
,Mil,0.0,0.03333333333333333,0.0,0.8666666666666667,0.0,0.1,0.0
,Myc,0.05194805194805195,0.008658008658008658,0.03463203463203463,0.0,0.8441558441558441,0.06060606060606061,0.0
,Pse,0.021367521367521368,0.03418803418803419,0.06837606837606838,0.004273504273504274,0.02564102564102564,0.8461538461538461,0.0
,Syl,0.0,0.0038910505836575876,0.011673151750972763,0.007782101167315175,0.0038910505836575876,0.0038910505836575876,0.9688715953307393

accuracy,0.8934147997284454

,precision,recall,f1-score,support
Alt,0.9079365079365079,0.9629629629629629,0.9346405228758169,297
Big,0.8911917098445595,0.864321608040201,0.8775510204081632,199
Mac,0.852017937219731,0.8444444444444444,0.8482142857142858,225
Mil,0.7878787878787878,0.8666666666666667,0.8253968253968254,30
Myc,0.9069767441860465,0.8441558441558441,0.874439461883408,231
Pse,0.8319327731092437,0.8461538461538461,0.8389830508474577,234
Syl,0.97265625,0.9688715953307393,0.9707602339181286,257
macro avg,0.8786558157392681,0.8853681382506721,0.8814264858634407,1473
weighted avg,0.8937550887247475,0.8934147997284454,0.8931662845304091,1473

Iteration_1
Confusion matrix not normalized
,,Alt,Big,Mac,Mil,Myc,Pse,Syl
,Alt,279,2,0,0,9,6,1
,Big,8,168,4,0,5,13,1
,Mac,1,3,201,1,6,11,2
,Mil,0,0,1,25,1,2,1
,Myc,8,3,10,0,205,3,2
,Pse,3,9,13,1,10,197,1
,Syl,0,2,2,3,1,1,248

Confusion matrix normalized
,,Alt,Big,Mac,Mil,Myc,Pse,Syl
,Alt,0.9393939393939394,0.006734006734006734,0.0,0.0,0.030303030303030304,0.020202020202020204,0.003367003367003367
,Big,0.04020100502512563,0.8442211055276382,0.020100502512562814,0.0,0.02512562814070352,0.06532663316582915,0.005025125628140704
,Mac,0.0044444444444444444,0.013333333333333334,0.8933333333333333,0.0044444444444444444,0.02666666666666667,0.04888888888888889,0.008888888888888889
,Mil,0.0,0.0,0.03333333333333333,0.8333333333333334,0.03333333333333333,0.06666666666666667,0.03333333333333333
,Myc,0.03463203463203463,0.012987012987012988,0.04329004329004329,0.0,0.8874458874458875,0.012987012987012988,0.008658008658008658
,Pse,0.01282051282051282,0.038461538461538464,0.05555555555555555,0.004273504273504274,0.042735042735042736,0.8418803418803419,0.004273504273504274
,Syl,0.0,0.007782101167315175,0.007782101167315175,0.011673151750972763,0.0038910505836575876,0.0038910505836575876,0.9649805447470817

accuracy,0.8981670061099797

,precision,recall,f1-score,support
Alt,0.9331103678929766,0.9393939393939394,0.9362416107382551,297
Big,0.8983957219251337,0.8442211055276382,0.8704663212435232,199
Mac,0.8701298701298701,0.8933333333333333,0.881578947368421,225
Mil,0.8333333333333334,0.8333333333333334,0.8333333333333334,30
Myc,0.8649789029535865,0.8874458874458875,0.8760683760683762,231
Pse,0.8454935622317596,0.8418803418803419,0.8436830835117772,234
Syl,0.96875,0.9649805447470817,0.9668615984405458,257
macro avg,0.8877416797809514,0.8863697836659366,0.8868904672434618,1473
weighted avg,0.8983829727434125,0.8981670061099797,0.8981119393668627,1473

Iteration_2
Confusion matrix not normalized
,,Alt,Big,Mac,Mil,Myc,Pse,Syl
,Alt,281,8,2,0,1,3,1
,Big,9,183,2,1,1,4,0
,Mac,0,8,196,0,4,14,3
,Mil,1,0,1,23,0,1,4
,Myc,9,6,4,0,205,6,0
,Pse,4,17,11,2,3,197,0
,Syl,0,0,0,0,0,2,255

Confusion matrix normalized
,,Alt,Big,Mac,Mil,Myc,Pse,Syl
,Alt,0.9493243243243243,0.02702702702702703,0.006756756756756757,0.0,0.0033783783783783786,0.010135135135135136,0.0033783783783783786
,Big,0.045,0.915,0.01,0.005,0.005,0.02,0.0
,Mac,0.0,0.035555555555555556,0.8711111111111111,0.0,0.017777777777777778,0.06222222222222222,0.013333333333333334
,Mil,0.03333333333333333,0.0,0.03333333333333333,0.7666666666666667,0.0,0.03333333333333333,0.13333333333333333
,Myc,0.0391304347826087,0.02608695652173913,0.017391304347826087,0.0,0.8913043478260869,0.02608695652173913,0.0
,Pse,0.017094017094017096,0.07264957264957266,0.04700854700854701,0.008547008547008548,0.01282051282051282,0.8418803418803419,0.0
,Syl,0.0,0.0,0.0,0.0,0.0,0.007782101167315175,0.9922178988326849

accuracy,0.9103260869565217

,precision,recall,f1-score,support
Alt,0.9243421052631579,0.9493243243243243,0.9366666666666668,296
Big,0.8243243243243243,0.915,0.8672985781990522,200
Mac,0.9074074074074074,0.8711111111111111,0.888888888888889,225
Mil,0.8846153846153846,0.7666666666666667,0.8214285714285715,30
Myc,0.9579439252336449,0.8913043478260869,0.9234234234234234,230
Pse,0.8678414096916299,0.8418803418803419,0.8546637744034707,234
Syl,0.9695817490494296,0.9922178988326849,0.9807692307692308,257
macro avg,0.9051509007978541,0.8896435272344594,0.8961627333970436,1472
weighted avg,0.9115215750035128,0.9103260869565217,0.9101849925417751,1472

Iteration_3
Confusion matrix not normalized
,,Alt,Big,Mac,Mil,Myc,Pse,Syl
,Alt,269,5,2,0,17,2,1
,Big,7,174,2,0,3,13,1
,Mac,1,5,193,2,9,14,1
,Mil,0,0,0,26,0,4,0
,Myc,7,1,11,0,206,5,0
,Pse,4,11,12,1,11,192,3
,Syl,0,0,2,1,1,1,252

Confusion matrix normalized
,,Alt,Big,Mac,Mil,Myc,Pse,Syl
,Alt,0.9087837837837838,0.016891891891891893,0.006756756756756757,0.0,0.057432432432432436,0.006756756756756757,0.0033783783783783786
,Big,0.035,0.87,0.01,0.0,0.015,0.065,0.005
,Mac,0.0044444444444444444,0.022222222222222223,0.8577777777777778,0.008888888888888889,0.04,0.06222222222222222,0.0044444444444444444
,Mil,0.0,0.0,0.0,0.8666666666666667,0.0,0.13333333333333333,0.0
,Myc,0.030434782608695653,0.004347826086956522,0.04782608695652174,0.0,0.8956521739130435,0.021739130434782608,0.0
,Pse,0.017094017094017096,0.04700854700854701,0.05128205128205128,0.004273504273504274,0.04700854700854701,0.8205128205128205,0.01282051282051282
,Syl,0.0,0.0,0.007782101167315175,0.0038910505836575876,0.0038910505836575876,0.0038910505836575876,0.980544747081712

accuracy,0.8913043478260869

,precision,recall,f1-score,support
Alt,0.9340277777777778,0.9087837837837838,0.9212328767123289,296
Big,0.8877551020408163,0.87,0.8787878787878789,200
Mac,0.8693693693693694,0.8577777777777778,0.8635346756152125,225
Mil,0.8666666666666667,0.8666666666666667,0.8666666666666667,30
Myc,0.8340080971659919,0.8956521739130435,0.8637316561844863,230
Pse,0.8311688311688312,0.8205128205128205,0.8258064516129032,234
Syl,0.9767441860465116,0.980544747081712,0.978640776699029,257
macro avg,0.8856771471765664,0.8857054242479719,0.8854858546112151,1472
weighted avg,0.8919632985014481,0.8913043478260869,0.8914031790009168,1472

Iteration_4
Confusion matrix not normalized
,,Alt,Big,Mac,Mil,Myc,Pse,Syl
,Alt,273,10,1,0,5,6,1
,Big,5,176,3,0,5,11,0
,Mac,2,5,189,0,6,19,4
,Mil,0,0,0,30,0,0,0
,Myc,3,6,5,0,212,3,1
,Pse,2,5,11,1,4,210,1
,Syl,0,2,0,2,0,2,251

Confusion matrix normalized
,,Alt,Big,Mac,Mil,Myc,Pse,Syl
,Alt,0.9222972972972973,0.033783783783783786,0.0033783783783783786,0.0,0.016891891891891893,0.02027027027027027,0.0033783783783783786
,Big,0.025,0.88,0.015,0.0,0.025,0.055,0.0
,Mac,0.008888888888888889,0.022222222222222223,0.84,0.0,0.02666666666666667,0.08444444444444445,0.017777777777777778
,Mil,0.0,0.0,0.0,1.0,0.0,0.0,0.0
,Myc,0.013043478260869565,0.02608695652173913,0.021739130434782608,0.0,0.9217391304347826,0.013043478260869565,0.004347826086956522
,Pse,0.008547008547008548,0.021367521367521368,0.04700854700854701,0.004273504273504274,0.017094017094017096,0.8974358974358975,0.004273504273504274
,Syl,0.0,0.007782101167315175,0.0,0.007782101167315175,0.0,0.007782101167315175,0.9766536964980544

accuracy,0.9110054347826086

,precision,recall,f1-score,support
Alt,0.9578947368421052,0.9222972972972973,0.9397590361445783,296
Big,0.8627450980392157,0.88,0.8712871287128714,200
Mac,0.9043062200956937,0.84,0.870967741935484,225
Mil,0.9090909090909091,1.0,0.9523809523809523,30
Myc,0.9137931034482759,0.9217391304347826,0.9177489177489179,230
Pse,0.8366533864541833,0.8974358974358975,0.865979381443299,234
Syl,0.9728682170542635,0.9766536964980544,0.974757281553398,257
macro avg,0.9081930958606639,0.9197322888094331,0.9132686342742146,1472
weighted avg,0.9122309283381064,0.9110054347826086,0.9111408414724785,1472

B3_B6
Result global
Confusion matrix not normalized
,,Alt,Big,Mac,Mil,Myc,Pse,Syl
,Alt,1393,28,10,0,28,18,5
,Big,28,876,24,1,13,53,3
,Mac,12,27,965,2,36,69,14
,Mil,0,2,3,124,0,12,9
,Myc,31,18,46,0,1023,30,4
,Pse,13,57,68,10,32,986,4
,Syl,0,1,11,7,1,9,1256

Confusion matrix normalized
,,Alt,Big,Mac,Mil,Myc,Pse,Syl
,Alt,0.9399460188933874,0.018893387314439947,0.006747638326585695,0.0,0.018893387314439947,0.012145748987854251,0.0033738191632928477
,Big,0.028056112224448898,0.8777555110220441,0.02404809619238477,0.001002004008016032,0.013026052104208416,0.0531062124248497,0.003006012024048096
,Mac,0.010666666666666666,0.024,0.8577777777777778,0.0017777777777777779,0.032,0.06133333333333333,0.012444444444444444
,Mil,0.0,0.013333333333333334,0.02,0.8266666666666667,0.0,0.08,0.06
,Myc,0.026909722222222224,0.015625,0.03993055555555555,0.0,0.8880208333333334,0.026041666666666668,0.003472222222222222
,Pse,0.011111111111111112,0.04871794871794872,0.05811965811965812,0.008547008547008548,0.02735042735042735,0.8427350427350427,0.003418803418803419
,Syl,0.0,0.0007782101167315176,0.008560311284046693,0.005447470817120622,0.0007782101167315176,0.007003891050583658,0.977431906614786

accuracy,0.8996196685683239

,precision,recall,f1-score,support
Alt,0.943127962085308,0.9399460188933874,0.9415343021290976,1482
Big,0.8681863230921705,0.8777555110220441,0.8729446935724962,998
Mac,0.8562555456965395,0.8577777777777778,0.8570159857904086,1125
Mil,0.8611111111111112,0.8266666666666667,0.8435374149659863,150
Myc,0.9029126213592233,0.8880208333333334,0.8954048140043763,1152
Pse,0.8377230246389125,0.8427350427350427,0.84022155943758,1170
Syl,0.9698841698841699,0.977431906614786,0.9736434108527132,1285
macro avg,0.8913143939810622,0.8871905367204339,0.8891860258218084,7362
weighted avg,0.8996484899166256,0.8996196685683239,0.8996092895165075,7362

Iteration_0
Confusion matrix not normalized
,,Alt,Big,Mac,Mil,Myc,Pse,Syl
,Alt,285,5,2,0,5,0,0
,Big,5,170,5,1,4,12,2
,Mac,4,5,190,1,7,14,4
,Mil,0,1,0,23,0,4,2
,Myc,11,5,10,0,196,8,1
,Pse,4,11,9,2,6,200,2
,Syl,0,0,1,3,1,1,251

Confusion matrix normalized
,,Alt,Big,Mac,Mil,Myc,Pse,Syl
,Alt,0.9595959595959596,0.016835016835016835,0.006734006734006734,0.0,0.016835016835016835,0.0,0.0
,Big,0.02512562814070352,0.8542713567839196,0.02512562814070352,0.005025125628140704,0.020100502512562814,0.06030150753768844,0.010050251256281407
,Mac,0.017777777777777778,0.022222222222222223,0.8444444444444444,0.0044444444444444444,0.03111111111111111,0.06222222222222222,0.017777777777777778
,Mil,0.0,0.03333333333333333,0.0,0.7666666666666667,0.0,0.13333333333333333,0.06666666666666667
,Myc,0.047619047619047616,0.021645021645021644,0.04329004329004329,0.0,0.8484848484848485,0.03463203463203463,0.004329004329004329
,Pse,0.017094017094017096,0.04700854700854701,0.038461538461538464,0.008547008547008548,0.02564102564102564,0.8547008547008547,0.008547008547008548
,Syl,0.0,0.0,0.0038910505836575876,0.011673151750972763,0.0038910505836575876,0.0038910505836575876,0.9766536964980544

accuracy,0.8927359131025119

,precision,recall,f1-score,support
Alt,0.9223300970873787,0.9595959595959596,0.9405940594059405,297
Big,0.8629441624365483,0.8542713567839196,0.8585858585858587,199
Mac,0.8755760368663594,0.8444444444444444,0.8597285067873303,225
Mil,0.7666666666666667,0.7666666666666667,0.7666666666666667,30
Myc,0.8949771689497716,0.8484848484848485,0.8711111111111112,231
Pse,0.8368200836820083,0.8547008547008547,0.8456659619450316,234
Syl,0.9580152671755725,0.9766536964980544,0.9672447013487475,257
macro avg,0.8739042118377579,0.8721168324535354,0.8727995522643839,1473
weighted avg,0.892347647473092,0.8927359131025119,0.8922935000256155,1473

Iteration_1
Confusion matrix not normalized
,,Alt,Big,Mac,Mil,Myc,Pse,Syl
,Alt,281,5,0,0,5,4,2
,Big,4,177,5,0,6,7,0
,Mac,3,5,196,1,7,9,4
,Mil,0,0,0,24,0,3,3
,Myc,9,4,12,0,201,4,1
,Pse,1,8,16,2,7,200,0
,Syl,0,0,5,2,0,2,248

Confusion matrix normalized
,,Alt,Big,Mac,Mil,Myc,Pse,Syl
,Alt,0.9461279461279462,0.016835016835016835,0.0,0.0,0.016835016835016835,0.013468013468013467,0.006734006734006734
,Big,0.020100502512562814,0.8894472361809045,0.02512562814070352,0.0,0.03015075376884422,0.035175879396984924,0.0
,Mac,0.013333333333333334,0.022222222222222223,0.8711111111111111,0.0044444444444444444,0.03111111111111111,0.04,0.017777777777777778
,Mil,0.0,0.0,0.0,0.8,0.0,0.1,0.1
,Myc,0.03896103896103896,0.017316017316017316,0.05194805194805195,0.0,0.8701298701298701,0.017316017316017316,0.004329004329004329
,Pse,0.004273504273504274,0.03418803418803419,0.06837606837606838,0.008547008547008548,0.029914529914529916,0.8547008547008547,0.0
,Syl,0.0,0.0,0.019455252918287938,0.007782101167315175,0.0,0.007782101167315175,0.9649805447470817

accuracy,0.9008825526137135

,precision,recall,f1-score,support
Alt,0.9429530201342282,0.9461279461279462,0.9445378151260505,297
Big,0.8894472361809045,0.8894472361809045,0.8894472361809045,199
Mac,0.8376068376068376,0.8711111111111111,0.8540305010893247,225
Mil,0.8275862068965517,0.8,0.8135593220338982,30
Myc,0.8893805309734514,0.8701298701298701,0.8796498905908098,231
Pse,0.8733624454148472,0.8547008547008547,0.8639308855291576,234
Syl,0.9612403100775194,0.9649805447470817,0.963106796116505,257
macro avg,0.8887966553263343,0.8852139375711097,0.8868946352380929,1473
weighted avg,0.9010174108758755,0.9008825526137135,0.9008613523698532,1473

Iteration_2
Confusion matrix not normalized
,,Alt,Big,Mac,Mil,Myc,Pse,Syl
,Alt,280,5,3,0,4,3,1
,Big,5,182,4,0,1,8,0
,Mac,1,6,195,0,8,13,2
,Mil,0,0,3,23,0,1,3
,Myc,5,5,7,0,206,6,1
,Pse,4,10,18,2,3,197,0
,Syl,0,0,2,0,0,2,253

Confusion matrix normalized
,,Alt,Big,Mac,Mil,Myc,Pse,Syl
,Alt,0.9459459459459459,0.016891891891891893,0.010135135135135136,0.0,0.013513513513513514,0.010135135135135136,0.0033783783783783786
,Big,0.025,0.91,0.02,0.0,0.005,0.04,0.0
,Mac,0.0044444444444444444,0.02666666666666667,0.8666666666666667,0.0,0.035555555555555556,0.057777777777777775,0.008888888888888889
,Mil,0.0,0.0,0.1,0.7666666666666667,0.0,0.03333333333333333,0.1
,Myc,0.021739130434782608,0.021739130434782608,0.030434782608695653,0.0,0.8956521739130435,0.02608695652173913,0.004347826086956522
,Pse,0.017094017094017096,0.042735042735042736,0.07692307692307693,0.008547008547008548,0.01282051282051282,0.8418803418803419,0.0
,Syl,0.0,0.0,0.007782101167315175,0.0,0.0,0.007782101167315175,0.9844357976653697

accuracy,0.907608695652174

,precision,recall,f1-score,support
Alt,0.9491525423728814,0.9459459459459459,0.9475465313028765,296
Big,0.875,0.91,0.892156862745098,200
Mac,0.8405172413793104,0.8666666666666667,0.8533916849015317,225
Mil,0.92,0.7666666666666667,0.8363636363636363,30
Myc,0.9279279279279279,0.8956521739130435,0.911504424778761,230
Pse,0.8565217391304348,0.8418803418803419,0.8491379310344829,234
Syl,0.9730769230769231,0.9844357976653697,0.9787234042553191,257
macro avg,0.9060280534124968,0.887321084676862,0.895546353625958,1472
weighted avg,0.9080134588746142,0.907608695652174,0.9075308372712132,1472

Iteration_3
Confusion matrix not normalized
,,Alt,Big,Mac,Mil,Myc,Pse,Syl
,Alt,270,6,4,0,12,3,1
,Big,9,174,4,0,1,11,1
,Mac,2,7,191,0,6,17,2
,Mil,0,1,0,24,0,4,1
,Myc,4,2,11,0,206,7,0
,Pse,3,14,11,3,10,192,1
,Syl,0,0,3,1,0,3,250

Confusion matrix normalized
,,Alt,Big,Mac,Mil,Myc,Pse,Syl
,Alt,0.9121621621621622,0.02027027027027027,0.013513513513513514,0.0,0.04054054054054054,0.010135135135135136,0.0033783783783783786
,Big,0.045,0.87,0.02,0.0,0.005,0.055,0.005
,Mac,0.008888888888888889,0.03111111111111111,0.8488888888888889,0.0,0.02666666666666667,0.07555555555555556,0.008888888888888889
,Mil,0.0,0.03333333333333333,0.0,0.8,0.0,0.13333333333333333,0.03333333333333333
,Myc,0.017391304347826087,0.008695652173913044,0.04782608695652174,0.0,0.8956521739130435,0.030434782608695653,0.0
,Pse,0.01282051282051282,0.05982905982905983,0.04700854700854701,0.01282051282051282,0.042735042735042736,0.8205128205128205,0.004273504273504274
