B3_B3
Confusion matrix not normalized
,,Alt,Big,Mac,Mil,Myc,Pse,Syl
,Alt,446,23,2,1,15,4,3
,Big,4,300,7,0,8,10,3
,Mac,2,9,332,7,14,18,5
,Mil,0,1,2,433,1,3,7
,Myc,5,14,20,2,338,4,3
,Pse,3,22,18,7,8,333,3
,Syl,1,2,3,14,1,3,421

Confusion matrix normalized
,,Alt,Big,Mac,Mil,Myc,Pse,Syl
,Alt,0.902834008097166,0.0465587044534413,0.004048582995951417,0.0020242914979757085,0.030364372469635626,0.008097165991902834,0.006072874493927126
,Big,0.012048192771084338,0.9036144578313253,0.02108433734939759,0.0,0.024096385542168676,0.030120481927710843,0.009036144578313253
,Mac,0.00516795865633075,0.023255813953488372,0.8578811369509044,0.01808785529715762,0.03617571059431524,0.046511627906976744,0.012919896640826873
,Mil,0.0,0.0022371364653243847,0.0044742729306487695,0.9686800894854586,0.0022371364653243847,0.006711409395973154,0.015659955257270694
,Myc,0.012953367875647668,0.03626943005181347,0.05181347150259067,0.0051813471502590676,0.8756476683937824,0.010362694300518135,0.007772020725388601
,Pse,0.007614213197969543,0.05583756345177665,0.04568527918781726,0.017766497461928935,0.02030456852791878,0.8451776649746193,0.007614213197969543
,Syl,0.0022471910112359553,0.0044943820224719105,0.006741573033707865,0.03146067415730337,0.0022471910112359553,0.006741573033707865,0.946067415730337

accuracy,0.9022530329289428

,precision,recall,f1-score,support
Alt,0.9674620390455532,0.902834008097166,0.9340314136125654,494
Big,0.8086253369272237,0.9036144578313253,0.8534850640113798,332
Mac,0.8645833333333334,0.8578811369509044,0.8612191958495461,387
Mil,0.9331896551724138,0.9686800894854586,0.9506037321624589,447
Myc,0.8779220779220779,0.8756476683937824,0.8767833981841763,386
Pse,0.888,0.8451776649746193,0.8660598179453836,394
Syl,0.946067415730337,0.946067415730337,0.946067415730337,445
macro avg,0.8979785511615628,0.8999860630662274,0.898321433927978,2885
weighted avg,0.9039408343460424,0.9022530329289428,0.9024770248236922,2885

B3_B4
Confusion matrix not normalized
,,Alt,Big,Mac,Mil,Myc,Pse,Syl
,Alt,57,40,13,0,49,27,308
,Big,0,52,6,0,22,43,209
,Mac,0,0,30,1,13,50,293
,Mil,0,0,0,1,0,5,441
,Myc,1,5,7,0,133,38,202
,Pse,0,1,6,1,4,107,275
,Syl,0,0,0,0,0,0,445

Confusion matrix normalized
,,Alt,Big,Mac,Mil,Myc,Pse,Syl
,Alt,0.11538461538461539,0.08097165991902834,0.02631578947368421,0.0,0.09919028340080972,0.05465587044534413,0.6234817813765182
,Big,0.0,0.1566265060240964,0.018072289156626505,0.0,0.06626506024096386,0.12951807228915663,0.6295180722891566
,Mac,0.0,0.0,0.07751937984496124,0.002583979328165375,0.03359173126614987,0.12919896640826872,0.7571059431524548
,Mil,0.0,0.0,0.0,0.0022371364653243847,0.0,0.011185682326621925,0.9865771812080537
,Myc,0.0025906735751295338,0.012953367875647668,0.018134715025906734,0.0,0.344559585492228,0.09844559585492228,0.5233160621761658
,Pse,0.0,0.0025380710659898475,0.015228426395939087,0.0025380710659898475,0.01015228426395939,0.2715736040609137,0.6979695431472082
,Syl,0.0,0.0,0.0,0.0,0.0,0.0,1.0

accuracy,0.28596187175043325

,precision,recall,f1-score,support
Alt,0.9827586206896551,0.11538461538461539,0.2065217391304348,494
Big,0.5306122448979592,0.1566265060240964,0.24186046511627907,332
Mac,0.4838709677419355,0.07751937984496124,0.13363028953229397,387
Mil,0.3333333333333333,0.0022371364653243847,0.0044444444444444444,447
Myc,0.6018099547511312,0.344559585492228,0.4382207578253707,386
Pse,0.3962962962962963,0.2715736040609137,0.32228915662650603,394
Syl,0.20478601012425218,1.0,0.3399541634835752,445
macro avg,0.5047810611192233,0.28112868961030557,0.24098871659412918,2885
weighted avg,0.5121224423649604,0.28596187175043325,0.23689280597793114,2885

B3_B5
Confusion matrix not normalized
,,Alt,Big,Mac,Mil,Myc,Pse,Syl
,Alt,55,35,6,0,18,105,275
,Big,0,32,1,0,12,99,188
,Mac,0,0,21,0,6,91,269
,Mil,0,0,0,1,0,7,439
,Myc,0,4,4,0,96,92,190
,Pse,0,0,0,0,1,172,221
,Syl,0,0,0,0,0,0,445

Confusion matrix normalized
,,Alt,Big,Mac,Mil,Myc,Pse,Syl
,Alt,0.11133603238866396,0.0708502024291498,0.012145748987854251,0.0,0.03643724696356275,0.2125506072874494,0.5566801619433198
,Big,0.0,0.0963855421686747,0.0030120481927710845,0.0,0.03614457831325301,0.29819277108433734,0.5662650602409639
,Mac,0.0,0.0,0.05426356589147287,0.0,0.015503875968992248,0.2351421188630491,0.6950904392764858
,Mil,0.0,0.0,0.0,0.0022371364653243847,0.0,0.015659955257270694,0.9821029082774049
,Myc,0.0,0.010362694300518135,0.010362694300518135,0.0,0.24870466321243523,0.23834196891191708,0.49222797927461137
,Pse,0.0,0.0,0.0,0.0,0.0025380710659898475,0.4365482233502538,0.5609137055837563
,Syl,0.0,0.0,0.0,0.0,0.0,0.0,1.0

accuracy,0.28492201039861353

,precision,recall,f1-score,support
Alt,1.0,0.11133603238866396,0.20036429872495448,494
Big,0.4507042253521127,0.0963855421686747,0.1588089330024814,332
Mac,0.65625,0.05426356589147287,0.10023866348448687,387
Mil,1.0,0.0022371364653243847,0.004464285714285714,447
Myc,0.7218045112781954,0.24870466321243523,0.36994219653179194,386
Pse,0.303886925795053,0.4365482233502538,0.35833333333333334,394
Syl,0.2195362604834731,1.0,0.3600323624595469,445
macro avg,0.621740274701262,0.27849645192526074,0.22174058189298296,2885
weighted avg,0.638004914678919,0.28492201039861353,0.22068902956632128,2885

B3_B6
Confusion matrix not normalized
,,Alt,Big,Mac,Mil,Myc,Pse,Syl
,Alt,84,49,16,1,61,85,198
,Big,0,52,1,0,21,119,139
,Mac,0,3,35,2,12,90,245
,Mil,0,0,0,4,0,9,434
,Myc,0,3,2,0,138,74,169
,Pse,0,2,1,0,2,188,201
,Syl,0,0,0,0,0,0,445

Confusion matrix normalized
,,Alt,Big,Mac,Mil,Myc,Pse,Syl
,Alt,0.1700404858299595,0.09919028340080972,0.032388663967611336,0.0020242914979757085,0.12348178137651822,0.1720647773279352,0.4008097165991903
,Big,0.0,0.1566265060240964,0.0030120481927710845,0.0,0.06325301204819277,0.35843373493975905,0.4186746987951807
,Mac,0.0,0.007751937984496124,0.09043927648578812,0.00516795865633075,0.031007751937984496,0.23255813953488372,0.6330749354005168
,Mil,0.0,0.0,0.0,0.008948545861297539,0.0,0.020134228187919462,0.970917225950783
,Myc,0.0,0.007772020725388601,0.0051813471502590676,0.0,0.35751295336787564,0.19170984455958548,0.4378238341968912
,Pse,0.0,0.005076142131979695,0.0025380710659898475,0.0,0.005076142131979695,0.47715736040609136,0.5101522842639594
,Syl,0.0,0.0,0.0,0.0,0.0,0.0,1.0

accuracy,0.32790294627383015

,precision,recall,f1-score,support
Alt,1.0,0.1700404858299595,0.29065743944636674,494
Big,0.47706422018348627,0.1566265060240964,0.235827664399093,332
Mac,0.6363636363636364,0.09043927648578812,0.15837104072398192,387
Mil,0.5714285714285714,0.008948545861297539,0.01762114537444934,447
Myc,0.5897435897435898,0.35751295336787564,0.4451612903225806,386
Pse,0.3327433628318584,0.47715736040609136,0.39207507820646503,394
Syl,0.2430365920262152,1.0,0.39103690685413006,445
macro avg,0.5500542817967654,0.32296073256787267,0.2758215093324381,2885
weighted avg,0.5618647535010952,0.32790294627383015,0.2743040093024316,2885

B3_VGG16
Confusion matrix not normalized
,,Alt,Big,Mac,Mil,Myc,Pse,Syl
,Alt,31,11,2,0,16,63,371
,Big,0,2,0,0,1,40,289
,Mac,0,0,9,0,0,71,307
,Mil,0,0,0,0,0,4,443
,Myc,0,0,1,0,25,54,306
,Pse,0,1,1,0,0,72,320
,Syl,0,0,0,0,0,0,445

Confusion matrix normalized
,,Alt,Big,Mac,Mil,Myc,Pse,Syl
,Alt,0.06275303643724696,0.022267206477732792,0.004048582995951417,0.0,0.032388663967611336,0.12753036437246965,0.7510121457489879
,Big,0.0,0.006024096385542169,0.0,0.0,0.0030120481927710845,0.12048192771084337,0.8704819277108434
,Mac,0.0,0.0,0.023255813953488372,0.0,0.0,0.1834625322997416,0.7932816537467701
,Mil,0.0,0.0,0.0,0.0,0.0,0.008948545861297539,0.9910514541387024
,Myc,0.0,0.0,0.0025906735751295338,0.0,0.06476683937823834,0.13989637305699482,0.7927461139896373
,Pse,0.0,0.0025380710659898475,0.0025380710659898475,0.0,0.0,0.18274111675126903,0.8121827411167513
,Syl,0.0,0.0,0.0,0.0,0.0,0.0,1.0

accuracy,0.2024263431542461

,precision,recall,f1-score,support
Alt,1.0,0.06275303643724696,0.11809523809523807,494
Big,0.14285714285714285,0.006024096385542169,0.011560693641618498,332
Mac,0.6923076923076923,0.023255813953488372,0.04499999999999999,387
Mil,0.0,0.0,0.0,447
Myc,0.5952380952380952,0.06476683937823834,0.11682242990654203,386
Pse,0.23684210526315788,0.18274111675126903,0.20630372492836677,394
Syl,0.17936316001612254,1.0,0.30416951469583053,445
macro avg,0.4066583136688872,0.1913629861293978,0.11456451446679941,2885
weighted avg,0.4201892370171271,0.2024263431542461,0.11831014125248224,2885

B4_B3
Confusion matrix not normalized
,,Alt,Big,Mac,Mil,Myc,Pse,Syl
,Alt,40,27,0,0,55,64,308
,Big,0,16,0,0,22,73,221
,Mac,1,0,1,0,4,70,311
,Mil,0,0,0,0,0,10,437
,Myc,1,2,0,0,76,59,248
,Pse,1,0,0,0,2,94,297
,Syl,0,0,0,0,0,0,445

Confusion matrix normalized
,,Alt,Big,Mac,Mil,Myc,Pse,Syl
,Alt,0.08097165991902834,0.05465587044534413,0.0,0.0,0.11133603238866396,0.12955465587044535,0.6234817813765182
,Big,0.0,0.04819277108433735,0.0,0.0,0.06626506024096386,0.21987951807228914,0.6656626506024096
,Mac,0.002583979328165375,0.0,0.002583979328165375,0.0,0.0103359173126615,0.18087855297157623,0.8036175710594315
,Mil,0.0,0.0,0.0,0.0,0.0,0.02237136465324385,0.9776286353467561
,Myc,0.0025906735751295338,0.0051813471502590676,0.0,0.0,0.19689119170984457,0.15284974093264247,0.6424870466321243
,Pse,0.0025380710659898475,0.0,0.0,0.0,0.005076142131979695,0.23857868020304568,0.7538071065989848
,Syl,0.0,0.0,0.0,0.0,0.0,0.0,1.0

accuracy,0.23292894280762566

,precision,recall,f1-score,support
Alt,0.9302325581395349,0.08097165991902834,0.148975791433892,494
Big,0.35555555555555557,0.04819277108433735,0.08488063660477455,332
Mac,1.0,0.002583979328165375,0.005154639175257732,387
Mil,0.0,0.0,0.0,447
Myc,0.4779874213836478,0.19689119170984457,0.2788990825688073,386
Pse,0.25405405405405407,0.23857868020304568,0.24607329842931935,394
Syl,0.19629466254962505,1.0,0.3281710914454277,445
macro avg,0.45916060738320247,0.22388832603491735,0.15602207709392554,2885
weighted avg,0.4632689410576579,0.23292894280762566,0.15750894933375367,2885

B4_B4
Confusion matrix not normalized
,,Alt,Big,Mac,Mil,Myc,Pse,Syl
,Alt,61,4,4,0,45,89,291
,Big,0,6,0,0,17,93,216
,Mac,0,0,7,0,3,91,286
,Mil,0,0,1,0,0,18,428
,Myc,3,2,3,0,68,71,239
,Pse,0,0,0,0,1,149,244
,Syl,0,0,0,0,0,0,445

Confusion matrix normalized
,,Alt,Big,Mac,Mil,Myc,Pse,Syl
,Alt,0.12348178137651822,0.008097165991902834,0.008097165991902834,0.0,0.09109311740890688,0.18016194331983806,0.5890688259109311
,Big,0.0,0.018072289156626505,0.0,0.0,0.05120481927710843,0.28012048192771083,0.6506024096385542
,Mac,0.0,0.0,0.01808785529715762,0.0,0.007751937984496124,0.2351421188630491,0.7390180878552972
,Mil,0.0,0.0,0.0022371364653243847,0.0,0.0,0.040268456375838924,0.9574944071588367
,Myc,0.007772020725388601,0.0051813471502590676,0.007772020725388601,0.0,0.17616580310880828,0.18393782383419688,0.6191709844559585
,Pse,0.0,0.0,0.0,0.0,0.0025380710659898475,0.37817258883248733,0.6192893401015228
,Syl,0.0,0.0,0.0,0.0,0.0,0.0,1.0

accuracy,0.25511265164644714

,precision,recall,f1-score,support
Alt,0.953125,0.12348178137651822,0.21863799283154126,494
Big,0.5,0.018072289156626505,0.03488372093023256,332
Mac,0.4666666666666667,0.01808785529715762,0.03482587064676616,387
Mil,0.0,0.0,0.0,447
Myc,0.5074626865671642,0.17616580310880828,0.2615384615384615,386
Pse,0.29158512720156554,0.37817258883248733,0.3292817679558011,394
Syl,0.20707305723592367,1.0,0.3430994602929838,445
macro avg,0.4179875053816172,0.24485433111022828,0.17460961059939803,2885
weighted avg,0.42300048443754873,0.25511265164644714,0.17900738242867478,2885

B4_B5
Confusion matrix not normalized
,,Alt,Big,Mac,Mil,Myc,Pse,Syl
,Alt,80,22,8,0,118,44,222
,Big,0,26,1,0,55,68,182
,Mac,1,0,23,1,11,54,297
,Mil,0,0,0,0,0,4,443
,Myc,0,3,6,0,124,55,198
,Pse,0,1,1,0,8,108,276
,Syl,0,0,0,0,0,0,445

Confusion matrix normalized
,,Alt,Big,Mac,Mil,Myc,Pse,Syl
,Alt,0.16194331983805668,0.044534412955465584,0.016194331983805668,0.0,0.2388663967611336,0.08906882591093117,0.4493927125506073
,Big,0.0,0.0783132530120482,0.0030120481927710845,0.0,0.16566265060240964,0.20481927710843373,0.5481927710843374
,Mac,0.002583979328165375,0.0,0.059431524547803614,0.002583979328165375,0.028423772609819122,0.13953488372093023,0.7674418604651163
,Mil,0.0,0.0,0.0,0.0,0.0,0.008948545861297539,0.9910514541387024
,Myc,0.0,0.007772020725388601,0.015544041450777202,0.0,0.32124352331606215,0.14248704663212436,0.5129533678756477
,Pse,0.0,0.0025380710659898475,0.0025380710659898475,0.0,0.02030456852791878,0.27411167512690354,0.700507614213198
,Syl,0.0,0.0,0.0,0.0,0.0,0.0,1.0

accuracy,0.27937608318890816

,precision,recall,f1-score,support
Alt,0.9876543209876543,0.16194331983805668,0.2782608695652174,494
Big,0.5,0.0783132530120482,0.13541666666666669,332
Mac,0.5897435897435898,0.059431524547803614,0.10798122065727699,387
Mil,0.0,0.0,0.0,447
Myc,0.3924050632911392,0.32124352331606215,0.3532763532763533,386
Pse,0.32432432432432434,0.27411167512690354,0.297111416781293,394
Syl,0.21570528356761998,1.0,0.35486443381180227,445
macro avg,0.42997608313061825,0.2707204708344106,0.21813013725122996,2885
weighted avg,0.43583119348368277,0.27937608318890816,0.2202943427783954,2885

B4_B6
Confusion matrix not normalized
,,Alt,Big,Mac,Mil,Myc,Pse,Syl
,Alt,35,0,0,0,18,171,270
,Big,0,0,0,0,9,148,175
,Mac,0,0,0,0,1,90,296
,Mil,0,0,0,0,0,8,439
,Myc,0,0,0,0,28,120,238
,Pse,0,0,0,0,1,139,254
,Syl,0,0,0,0,0,0,445

Confusion matrix normalized
,,Alt,Big,Mac,Mil,Myc,Pse,Syl
,Alt,0.0708502024291498,0.0,0.0,0.0,0.03643724696356275,0.34615384615384615,0.5465587044534413
,Big,0.0,0.0,0.0,0.0,0.02710843373493976,0.4457831325301205,0.5271084337349398
,Mac,0.0,0.0,0.0,0.0,0.002583979328165375,0.23255813953488372,0.7648578811369509
,Mil,0.0,0.0,0.0,0.0,0.0,0.017897091722595078,0.9821029082774049
,Myc,0.0,0.0,0.0,0.0,0.07253886010362694,0.31088082901554404,0.616580310880829
,Pse,0.0,0.0,0.0,0.0,0.0025380710659898475,0.35279187817258884,0.6446700507614214
,Syl,0.0,0.0,0.0,0.0,0.0,0.0,1.0

accuracy,0.224263431542461

,precision,recall,f1-score,support
Alt,1.0,0.0708502024291498,0.13232514177693763,494
Big,0.0,0.0,0.0,332
Mac,0.0,0.0,0.0,387
Mil,0.0,0.0,0.0,447
Myc,0.49122807017543857,0.07253886010362694,0.12641083521444693,386
Pse,0.20562130177514792,0.35279187817258884,0.25981308411214954,394
Syl,0.21020311761927254,1.0,0.3473848555815769,445
macro avg,0.2724360699385513,0.2137401343864808,0.12370484524073014,2885
weighted avg,0.29745900011358883,0.224263431542461,0.1286363321679627,2885

B4_VGG16
Confusion matrix not normalized
,,Alt,Big,Mac,Mil,Myc,Pse,Syl
,Alt,9,35,0,0,3,98,349
,Big,0,6,0,0,2,62,262
,Mac,0,0,0,0,0,45,342
,Mil,0,0,0,0,0,3,444
,Myc,1,3,0,0,1,50,331
,Pse,0,0,0,0,0,56,338
,Syl,0,0,0,0,0,0,445

Confusion matrix normalized
,,Alt,Big,Mac,Mil,Myc,Pse,Syl
,Alt,0.018218623481781375,0.0708502024291498,0.0,0.0,0.006072874493927126,0.19838056680161945,0.7064777327935222
,Big,0.0,0.018072289156626505,0.0,0.0,0.006024096385542169,0.18674698795180722,0.7891566265060241
,Mac,0.0,0.0,0.0,0.0,0.0,0.11627906976744186,0.8837209302325582
,Mil,0.0,0.0,0.0,0.0,0.0,0.006711409395973154,0.9932885906040269
,Myc,0.0025906735751295338,0.007772020725388601,0.0,0.0,0.0025906735751295338,0.12953367875647667,0.8575129533678757
,Pse,0.0,0.0,0.0,0.0,0.0,0.14213197969543148,0.8578680203045685
,Syl,0.0,0.0,0.0,0.0,0.0,0.0,1.0

accuracy,0.17920277296360484

,precision,recall,f1-score,support
Alt,0.9,0.018218623481781375,0.03571428571428571,494
Big,0.13636363636363635,0.018072289156626505,0.031914893617021274,332
Mac,0.0,0.0,0.0,387
Mil,0.0,0.0,0.0,447
Myc,0.16666666666666666,0.0025906735751295338,0.00510204081632653,386
Pse,0.17834394904458598,0.14213197969543148,0.15819209039548024,394
Syl,0.17722023098367184,1.0,0.3010825439783491,445
macro avg,0.22265635472265158,0.16871622370128128,0.07600083636020898,2885
weighted avg,0.2437908420510785,0.17920277296360484,0.0785155650831871,2885

B5_B3
Confusion matrix not normalized
,,Alt,Big,Mac,Mil,Myc,Pse,Syl
,Alt,16,23,20,0,134,158,143
,Big,0,12,3,0,31,206,80
,Mac,0,0,11,0,17,177,182
,Mil,0,0,0,0,2,35,410
,Myc,0,0,0,0,143,134,109
,Pse,0,0,0,0,4,227,163
,Syl,0,0,0,0,0,0,445

Confusion matrix normalized
,,Alt,Big,Mac,Mil,Myc,Pse,Syl
,Alt,0.032388663967611336,0.0465587044534413,0.04048582995951417,0.0,0.27125506072874495,0.31983805668016196,0.2894736842105263
,Big,0.0,0.03614457831325301,0.009036144578313253,0.0,0.09337349397590361,0.6204819277108434,0.24096385542168675
,Mac,0.0,0.0,0.028423772609819122,0.0,0.04392764857881137,0.4573643410852713,0.4702842377260982
,Mil,0.0,0.0,0.0,0.0,0.0044742729306487695,0.07829977628635347,0.9172259507829977
,Myc,0.0,0.0,0.0,0.0,0.3704663212435233,0.3471502590673575,0.2823834196891192
,Pse,0.0,0.0,0.0,0.0,0.01015228426395939,0.5761421319796954,0.4137055837563452
,Syl,0.0,0.0,0.0,0.0,0.0,0.0,1.0

accuracy,0.2960138648180243

,precision,recall,f1-score,support
Alt,1.0,0.032388663967611336,0.06274509803921569,494
Big,0.34285714285714286,0.03614457831325301,0.0653950953678474,332
Mac,0.3235294117647059,0.028423772609819122,0.052256532066508314,387
Mil,0.0,0.0,0.0,447
Myc,0.43202416918429004,0.3704663212435233,0.398884239888424,386
Pse,0.24226254002134473,0.5761421319796954,0.3410969196093163,394
Syl,0.2904699738903394,1.0,0.4501770359129995,445
macro avg,0.3758776053882604,0.2919379240162718,0.19579356012633017,2885
weighted avg,0.38977690198830484,0.2960138648180243,0.19466925889342243,2885

B5_B4
Confusion matrix not normalized
,,Alt,Big,Mac,Mil,Myc,Pse,Syl
,Alt,27,85,1,0,11,82,288
,Big,0,70,0,0,1,81,180
,Mac,0,2,5,0,2,72,306
,Mil,0,0,0,0,0,3,444
,Myc,1,11,3,0,38,74,259
,Pse,0,6,0,1,0,146,241
,Syl,0,0,0,0,0,0,445

Confusion matrix normalized
,,Alt,Big,Mac,Mil,Myc,Pse,Syl
,Alt,0.05465587044534413,0.1720647773279352,0.0020242914979757085,0.0,0.022267206477732792,0.1659919028340081,0.582995951417004
,Big,0.0,0.21084337349397592,0.0,0.0,0.0030120481927710845,0.24397590361445784,0.5421686746987951
,Mac,0.0,0.00516795865633075,0.012919896640826873,0.0,0.00516795865633075,0.18604651162790697,0.7906976744186046
,Mil,0.0,0.0,0.0,0.0,0.0,0.006711409395973154,0.9932885906040269
,Myc,0.0025906735751295338,0.02849740932642487,0.007772020725388601,0.0,0.09844559585492228,0.19170984455958548,0.6709844559585493
,Pse,0.0,0.015228426395939087,0.0,0.0025380710659898475,0.0,0.37055837563451777,0.6116751269035533
,Syl,0.0,0.0,0.0,0.0,0.0,0.0,1.0

accuracy,0.2533795493934142

,precision,recall,f1-score,support
Alt,0.9642857142857143,0.05465587044534413,0.10344827586206898,494
Big,0.40229885057471265,0.21084337349397592,0.2766798418972332,332
Mac,0.5555555555555556,0.012919896640826873,0.025252525252525252,387
Mil,0.0,0.0,0.0,447
Myc,0.7307692307692307,0.09844559585492228,0.1735159817351598,386
Pse,0.31877729257641924,0.37055837563451777,0.3427230046948357,394
Syl,0.20573277854831254,1.0,0.34125766871165647,445
macro avg,0.4539170603299922,0.24963187315279814,0.18041104259335422,2885
weighted avg,0.45897629949877944,0.2533795493934142,0.17559916063594275,2885

B5_B5
Confusion matrix not normalized
,,Alt,Big,Mac,Mil,Myc,Pse,Syl
,Alt,0,1,1,0,12,46,434
,Big,0,3,0,0,2,46,281
,Mac,0,0,1,0,2,37,347
,Mil,0,0,0,0,0,0,447
,Myc,0,0,0,0,15,39,332
,Pse,0,0,0,0,0,71,323
,Syl,0,0,0,0,0,0,445

Confusion matrix normalized
,,Alt,Big,Mac,Mil,Myc,Pse,Syl
,Alt,0.0,0.0020242914979757085,0.0020242914979757085,0.0,0.024291497975708502,0.0931174089068826,0.8785425101214575
,Big,0.0,0.009036144578313253,0.0,0.0,0.006024096385542169,0.13855421686746988,0.8463855421686747
,Mac,0.0,0.0,0.002583979328165375,0.0,0.00516795865633075,0.09560723514211886,0.896640826873385
,Mil,0.0,0.0,0.0,0.0,0.0,0.0,1.0
,Myc,0.0,0.0,0.0,0.0,0.038860103626943004,0.10103626943005181,0.8601036269430051
,Pse,0.0,0.0,0.0,0.0,0.0,0.1802030456852792,0.8197969543147208
,Syl,0.0,0.0,0.0,0.0,0.0,0.0,1.0

accuracy,0.1854419410745234

,precision,recall,f1-score,support
Alt,0.0,0.0,0.0,494
Big,0.75,0.009036144578313253,0.017857142857142856,332
Mac,0.5,0.002583979328165375,0.0051413881748071984,387
Mil,0.0,0.0,0.0,447
Myc,0.4838709677419355,0.038860103626943004,0.07194244604316546,386
Pse,0.29707112970711297,0.1802030456852792,0.22432859399684046,394
Syl,0.1705634342660023,1.0,0.2914210870988867,445
macro avg,0.31450079024500727,0.17581189617410012,0.08724152259583466,2885
weighted avg,0.28499859511312325,0.1854419410745234,0.08795699224216409,2885

B5_B6
Confusion matrix not normalized
,,Alt,Big,Mac,Mil,Myc,Pse,Syl
,Alt,46,28,0,0,55,36,329
,Big,0,12,0,0,16,83,221
,Mac,0,1,1,1,6,54,324
,Mil,0,0,0,3,0,2,442
,Myc,2,2,0,0,67,21,294
,Pse,0,0,1,0,2,65,326
,Syl,0,0,0,0,0,0,445

Confusion matrix normalized
,,Alt,Big,Mac,Mil,Myc,Pse,Syl
,Alt,0.0931174089068826,0.05668016194331984,0.0,0.0,0.11133603238866396,0.0728744939271255,0.6659919028340081
,Big,0.0,0.03614457831325301,0.0,0.0,0.04819277108433735,0.25,0.6656626506024096
,Mac,0.0,0.002583979328165375,0.002583979328165375,0.002583979328165375,0.015503875968992248,0.13953488372093023,0.8372093023255814
,Mil,0.0,0.0,0.0,0.006711409395973154,0.0,0.0044742729306487695,0.9888143176733781
,Myc,0.0051813471502590676,0.0051813471502590676,0.0,0.0,0.17357512953367876,0.054404145077720206,0.7616580310880829
,Pse,0.0,0.0,0.0025380710659898475,0.0,0.005076142131979695,0.1649746192893401,0.8274111675126904
,Syl,0.0,0.0,0.0,0.0,0.0,0.0,1.0

accuracy,0.22149046793760832

,precision,recall,f1-score,support
Alt,0.9583333333333334,0.0931174089068826,0.16974169741697417,494
Big,0.27906976744186046,0.03614457831325301,0.064,332
Mac,0.5,0.002583979328165375,0.0051413881748071984,387
Mil,0.75,0.006711409395973154,0.013303769401330377,447
Myc,0.4589041095890411,0.17357512953367876,0.2518796992481203,386
Pse,0.24904214559386972,0.1649746192893401,0.19847328244274806,394
Syl,0.1868962620747585,1.0,0.31493276716206653,445
macro avg,0.4831779454332662,0.21101530353818473,0.14535322912086382,2885
weighted avg,0.5037248727022483,0.22149046793760832,0.14856361152491063,2885

B5_VGG16
Confusion matrix not normalized
,,Alt,Big,Mac,Mil,Myc,Pse,Syl
,Alt,11,75,0,0,8,29,371
,Big,1,20,0,1,0,40,270
,Mac,0,1,1,0,2,31,352
,Mil,0,0,0,1,0,4,442
,Myc,0,5,0,0,18,31,332
,Pse,0,0,0,0,0,58,336
,Syl,0,0,0,0,0,0,445

Confusion matrix normalized
,,Alt,Big,Mac,Mil,Myc,Pse,Syl
,Alt,0.022267206477732792,0.15182186234817813,0.0,0.0,0.016194331983805668,0.058704453441295545,0.7510121457489879
,Big,0.0030120481927710845,0.060240963855421686,0.0,0.0030120481927710845,0.0,0.12048192771084337,0.8132530120481928
,Mac,0.0,0.002583979328165375,0.002583979328165375,0.0,0.00516795865633075,0.08010335917312661,0.9095607235142119
,Mil,0.0,0.0,0.0,0.0022371364653243847,0.0,0.008948545861297539,0.9888143176733781
,Myc,0.0,0.012953367875647668,0.0,0.0,0.046632124352331605,0.08031088082901554,0.8601036269430051
,Pse,0.0,0.0,0.0,0.0,0.0,0.14720812182741116,0.8527918781725888
,Syl,0.0,0.0,0.0,0.0,0.0,0.0,1.0

accuracy,0.19202772963604853

,precision,recall,f1-score,support
Alt,0.9166666666666666,0.022267206477732792,0.043478260869565216,494
Big,0.19801980198019803,0.060240963855421686,0.09237875288683603,332
Mac,1.0,0.002583979328165375,0.005154639175257732,387
Mil,0.5,0.0022371364653243847,0.004454342984409799,447
Myc,0.6428571428571429,0.046632124352331605,0.08695652173913043,386
Pse,0.3005181347150259,0.14720812182741116,0.19761499148211245,394
Syl,0.17464678178963894,1.0,0.29736050785165385,445
macro avg,0.5332440754298103,0.18302421890091242,0.10391400242699508,2885
weighted avg,0.5453520719957454,0.19202772963604853,0.1039462369262022,2885

B6_B3
Confusion matrix not normalized
,,Alt,Big,Mac,Mil,Myc,Pse,Syl
,Alt,28,38,8,0,99,39,282
,Big,1,21,1,0,26,53,230
,Mac,0,0,15,0,11,49,312
,Mil,0,0,0,2,0,4,441
,Myc,1,2,1,0,100,29,253
,Pse,0,0,1,0,2,70,321
,Syl,0,0,0,0,0,0,445

Confusion matrix normalized
,,Alt,Big,Mac,Mil,Myc,Pse,Syl
,Alt,0.05668016194331984,0.07692307692307693,0.016194331983805668,0.0,0.20040485829959515,0.07894736842105263,0.5708502024291497
,Big,0.0030120481927710845,0.06325301204819277,0.0030120481927710845,0.0,0.0783132530120482,0.15963855421686746,0.6927710843373494
,Mac,0.0,0.0,0.03875968992248062,0.0,0.028423772609819122,0.12661498708010335,0.8062015503875969
,Mil,0.0,0.0,0.0,0.0044742729306487695,0.0,0.008948545861297539,0.9865771812080537
,Myc,0.0025906735751295338,0.0051813471502590676,0.0025906735751295338,0.0,0.25906735751295334,0.07512953367875648,0.655440414507772
,Pse,0.0,0.0,0.0025380710659898475,0.0,0.005076142131979695,0.17766497461928935,0.8147208121827412
,Syl,0.0,0.0,0.0,0.0,0.0,0.0,1.0

accuracy,0.23604852686308492

,precision,recall,f1-score,support
Alt,0.9333333333333333,0.05668016194331984,0.1068702290076336,494
Big,0.3442622950819672,0.06325301204819277,0.10687022900763357,332
Mac,0.5769230769230769,0.03875968992248062,0.07263922518159807,387
Mil,1.0,0.0044742729306487695,0.008908685968819599,447
Myc,0.42016806722689076,0.25906735751295334,0.3205128205128205,386
Pse,0.28688524590163933,0.17766497461928935,0.219435736677116,394
Syl,0.19483362521891417,1.0,0.3261267863686332,445
macro avg,0.5366293776694031,0.2285570669966978,0.16590910181775068,2885
weighted avg,0.5572095679238659,0.23604852686308492,0.1648770956105443,2885

B6_B4
Confusion matrix not normalized
,,Alt,Big,Mac,Mil,Myc,Pse,Syl
,Alt,34,15,1,0,10,79,355
,Big,0,32,0,0,3,81,216
,Mac,0,0,4,0,2,64,317
,Mil,0,0,0,0,0,4,443
,Myc,3,2,0,0,25,75,281
,Pse,0,0,0,0,0,115,279
,Syl,0,0,0,0,0,0,445

Confusion matrix normalized
,,Alt,Big,Mac,Mil,Myc,Pse,Syl
,Alt,0.06882591093117409,0.030364372469635626,0.0020242914979757085,0.0,0.020242914979757085,0.15991902834008098,0.7186234817813765
,Big,0.0,0.0963855421686747,0.0,0.0,0.009036144578313253,0.24397590361445784,0.6506024096385542
,Mac,0.0,0.0,0.0103359173126615,0.0,0.00516795865633075,0.165374677002584,0.8191214470284238
,Mil,0.0,0.0,0.0,0.0,0.0,0.008948545861297539,0.9910514541387024
,Myc,0.007772020725388601,0.0051813471502590676,0.0,0.0,0.06476683937823834,0.19430051813471502,0.727979274611399
,Pse,0.0,0.0,0.0,0.0,0.0,0.2918781725888325,0.7081218274111675
,Syl,0.0,0.0,0.0,0.0,0.0,0.0,1.0

accuracy,0.2270363951473137

,precision,recall,f1-score,support
Alt,0.918918918918919,0.06882591093117409,0.128060263653484,494
Big,0.6530612244897959,0.0963855421686747,0.16797900262467194,332
Mac,0.8,0.0103359173126615,0.020408163265306124,387
Mil,0.0,0.0,0.0,447
Myc,0.625,0.06476683937823834,0.11737089201877933,386
Pse,0.2751196172248804,0.2918781725888325,0.2832512315270936,394
Syl,0.19049657534246575,1.0,0.3200287666307084,445
macro avg,0.49465661942515154,0.21888462605422587,0.14815690281714905,2885
weighted avg,0.4903918120244569,0.2270363951473137,0.1477461729606498,2885

B6_B5
Confusion matrix not normalized
,,Alt,Big,Mac,Mil,Myc,Pse,Syl
,Alt,19,22,3,0,63,140,247
,Big,0,19,0,0,10,135,168
,Mac,0,0,14,0,9,100,264
,Mil,0,0,0,1,0,15,431
,Myc,0,3,1,0,56,135,191
,Pse,0,1,0,0,2,159,232
,Syl,0,0,0,0,0,0,445

Confusion matrix normalized
,,Alt,Big,Mac,Mil,Myc,Pse,Syl
,Alt,0.038461538461538464,0.044534412955465584,0.006072874493927126,0.0,0.12753036437246965,0.2834008097165992,0.5
,Big,0.0,0.0572289156626506,0.0,0.0,0.030120481927710843,0.4066265060240964,0.5060240963855421
,Mac,0.0,0.0,0.03617571059431524,0.0,0.023255813953488372,0.25839793281653745,0.6821705426356589
,Mil,0.0,0.0,0.0,0.0022371364653243847,0.0,0.03355704697986577,0.9642058165548099
,Myc,0.0,0.007772020725388601,0.0025906735751295338,0.0,0.14507772020725387,0.34974093264248707,0.4948186528497409
,Pse,0.0,0.0025380710659898475,0.0,0.0,0.005076142131979695,0.4035532994923858,0.5888324873096447
,Syl,0.0,0.0,0.0,0.0,0.0,0.0,1.0

accuracy,0.24714038128249566

,precision,recall,f1-score,support
Alt,1.0,0.038461538461538464,0.07407407407407407,494
Big,0.4222222222222222,0.0572289156626506,0.10079575596816975,332
Mac,0.7777777777777778,0.03617571059431524,0.0691358024691358,387
Mil,1.0,0.0022371364653243847,0.004464285714285714,447
Myc,0.4,0.14507772020725387,0.2129277566539924,386
Pse,0.2324561403508772,0.4035532994923858,0.2949907235621521,394
Syl,0.2249747219413549,1.0,0.3673132480396203,445
macro avg,0.5796329803274618,0.2403906172690669,0.16052880664020433,2885
weighted avg,0.5990569318335968,0.24714038128249566,0.1596806687602864,2885

B6_B6
Confusion matrix not normalized
,,Alt,Big,Mac,Mil,Myc,Pse,Syl
,Alt,49,7,5,0,18,75,340
,Big,0,6,2,0,6,89,229
,Mac,0,1,6,0,1,50,329
,Mil,0,0,0,1,0,5,441
,Myc,1,0,1,0,29,57,298
,Pse,0,0,0,0,1,76,317
,Syl,0,0,0,0,0,0,445

Confusion matrix normalized
,,Alt,Big,Mac,Mil,Myc,Pse,Syl
,Alt,0.09919028340080972,0.01417004048582996,0.010121457489878543,0.0,0.03643724696356275,0.15182186234817813,0.6882591093117408
,Big,0.0,0.018072289156626505,0.006024096385542169,0.0,0.018072289156626505,0.2680722891566265,0.6897590361445783
,Mac,0.0,0.002583979328165375,0.015503875968992248,0.0,0.002583979328165375,0.12919896640826872,0.8501291989664083
,Mil,0.0,0.0,0.0,0.0022371364653243847,0.0,0.011185682326621925,0.9865771812080537
,Myc,0.0025906735751295338,0.0,0.0025906735751295338,0.0,0.07512953367875648,0.14766839378238342,0.772020725388601
,Pse,0.0,0.0,0.0,0.0,0.0025380710659898475,0.19289340101522842,0.8045685279187818
,Syl,0.0,0.0,0.0,0.0,0.0,0.0,1.0

accuracy,0.2121317157712305

,precision,recall,f1-score,support
Alt,0.98,0.09919028340080972,0.18014705882352938,494
Big,0.42857142857142855,0.018072289156626505,0.03468208092485549,332
Mac,0.42857142857142855,0.015503875968992248,0.029925187032418952,387
Mil,1.0,0.0022371364653243847,0.004464285714285714,447
Myc,0.5272727272727272,0.07512953367875648,0.13151927437641722,386
Pse,0.2159090909090909,0.19289340101522842,0.2037533512064343,394
Syl,0.1854939558149229,1.0,0.3129395218002813,445
macro avg,0.5379740901627997,0.2004323599551054,0.12820439426831748,2885
weighted avg,0.5581986558148881,0.2121317157712305,0.13323640502858397,2885

B6_VGG16
Confusion matrix not normalized
,,Alt,Big,Mac,Mil,Myc,Pse,Syl
,Alt,12,6,5,0,20,29,422
,Big,0,0,2,0,1,22,307
,Mac,0,0,6,0,0,17,364
,Mil,0,0,0,0,0,2,445
,Myc,0,0,1,0,14,18,353
,Pse,0,0,0,0,1,24,369
,Syl,0,0,0,0,0,0,445

Confusion matrix normalized
,,Alt,Big,Mac,Mil,Myc,Pse,Syl
,Alt,0.024291497975708502,0.012145748987854251,0.010121457489878543,0.0,0.04048582995951417,0.058704453441295545,0.854251012145749
,Big,0.0,0.0,0.006024096385542169,0.0,0.0030120481927710845,0.06626506024096386,0.9246987951807228
,Mac,0.0,0.0,0.015503875968992248,0.0,0.0,0.04392764857881137,0.9405684754521964
,Mil,0.0,0.0,0.0,0.0,0.0,0.0044742729306487695,0.9955257270693513
,Myc,0.0,0.0,0.0025906735751295338,0.0,0.03626943005181347,0.046632124352331605,0.9145077720207254
,Pse,0.0,0.0,0.0,0.0,0.0025380710659898475,0.06091370558375635,0.9365482233502538
,Syl,0.0,0.0,0.0,0.0,0.0,0.0,1.0

accuracy,0.17365684575389947

,precision,recall,f1-score,support
Alt,1.0,0.024291497975708502,0.04743083003952569,494
Big,0.0,0.0,0.0,332
Mac,0.42857142857142855,0.015503875968992248,0.029925187032418952,387
Mil,0.0,0.0,0.0,447
Myc,0.3888888888888889,0.03626943005181347,0.06635071090047392,386
Pse,0.21428571428571427,0.06091370558375635,0.09486166007905139,394
Syl,0.1645101663585952,1.0,0.28253968253968254,445
macro avg,0.31375088544351815,0.16242550136861006,0.07444401008445035,2885
weighted avg,0.33539128229684584,0.17365684575389947,0.0775490137365545,2885

VGG16_B3
Confusion matrix not normalized
,,Alt,Big,Mac,Mil,Myc,Pse,Syl
,Alt,7,5,8,0,70,96,308
,Big,0,3,2,0,19,117,191
,Mac,0,0,3,0,11,91,282
,Mil,0,0,0,0,0,13,434
,Myc,0,0,0,0,68,83,235
,Pse,0,0,0,0,1,108,285
,Syl,0,0,0,0,0,0,445

Confusion matrix normalized
,,Alt,Big,Mac,Mil,Myc,Pse,Syl
,Alt,0.01417004048582996,0.010121457489878543,0.016194331983805668,0.0,0.1417004048582996,0.19433198380566802,0.6234817813765182
,Big,0.0,0.009036144578313253,0.006024096385542169,0.0,0.0572289156626506,0.35240963855421686,0.5753012048192772
,Mac,0.0,0.0,0.007751937984496124,0.0,0.028423772609819122,0.2351421188630491,0.7286821705426356
,Mil,0.0,0.0,0.0,0.0,0.0,0.029082774049217,0.970917225950783
,Myc,0.0,0.0,0.0,0.0,0.17616580310880828,0.21502590673575128,0.6088082901554405
,Pse,0.0,0.0,0.0,0.0,0.0025380710659898475,0.27411167512690354,0.7233502538071066
,Syl,0.0,0.0,0.0,0.0,0.0,0.0,1.0

accuracy,0.21975736568457538

,precision,recall,f1-score,support
Alt,1.0,0.01417004048582996,0.027944111776447105,494
Big,0.375,0.009036144578313253,0.01764705882352941,332
Mac,0.23076923076923078,0.007751937984496124,0.014999999999999998,387
Mil,0.0,0.0,0.0,447
Myc,0.40236686390532544,0.17616580310880828,0.245045045045045,386
Pse,0.2125984251968504,0.27411167512690354,0.2394678492239468,394
Syl,0.20412844036697247,1.0,0.33904761904761904,445
macro avg,0.34640899431976846,0.21160508589776444,0.12630738341665534,2885
weighted avg,0.35969574948561867,0.21975736568457538,0.12661425483701544,2885

VGG16_B4
Confusion matrix not normalized
,,Alt,Big,Mac,Mil,Myc,Pse,Syl
,Alt,16,11,0,0,3,27,437
,Big,0,8,0,0,2,33,289
,Mac,0,0,0,0,0,21,366
,Mil,0,0,0,0,0,1,446
,Myc,0,2,0,0,17,19,348
,Pse,0,0,1,0,0,22,371
,Syl,0,0,0,0,0,0,445

Confusion matrix normalized
,,Alt,Big,Mac,Mil,Myc,Pse,Syl
,Alt,0.032388663967611336,0.022267206477732792,0.0,0.0,0.006072874493927126,0.05465587044534413,0.8846153846153846
,Big,0.0,0.024096385542168676,0.0,0.0,0.006024096385542169,0.09939759036144578,0.8704819277108434
,Mac,0.0,0.0,0.0,0.0,0.0,0.05426356589147287,0.9457364341085271
,Mil,0.0,0.0,0.0,0.0,0.0,0.0022371364653243847,0.9977628635346756
,Myc,0.0,0.0051813471502590676,0.0,0.0,0.04404145077720207,0.04922279792746114,0.9015544041450777
,Pse,0.0,0.0,0.0025380710659898475,0.0,0.0,0.05583756345177665,0.9416243654822335
,Syl,0.0,0.0,0.0,0.0,0.0,0.0,1.0

accuracy,0.1760831889081456

,precision,recall,f1-score,support
Alt,1.0,0.032388663967611336,0.06274509803921569,494
Big,0.38095238095238093,0.024096385542168676,0.04532577903682719,332
Mac,0.0,0.0,0.0,387
Mil,0.0,0.0,0.0,447
Myc,0.7727272727272727,0.04404145077720207,0.08333333333333331,386
Pse,0.17886178861788618,0.05583756345177665,0.0851063829787234,394
Syl,0.16469282013323464,1.0,0.282809024467747,445
macro avg,0.35674775177582496,0.1651948662483941,0.07990280255083523,2885
weighted avg,0.3682872677378351,0.1760831889081456,0.08235453536222888,2885

VGG16_B5
Confusion matrix not normalized
,,Alt,Big,Mac,Mil,Myc,Pse,Syl
,Alt,13,22,0,0,31,50,378
,Big,0,17,0,0,14,71,230
,Mac,0,0,0,0,8,32,347
,Mil,0,0,0,0,0,2,445
,Myc,1,4,0,0,35,49,297
,Pse,0,0,0,0,3,55,336
,Syl,0,0,0,0,0,0,445

Confusion matrix normalized
,,Alt,Big,Mac,Mil,Myc,Pse,Syl
,Alt,0.02631578947368421,0.044534412955465584,0.0,0.0,0.06275303643724696,0.10121457489878542,0.7651821862348178
,Big,0.0,0.05120481927710843,0.0,0.0,0.04216867469879518,0.21385542168674698,0.6927710843373494
,Mac,0.0,0.0,0.0,0.0,0.020671834625323,0.082687338501292,0.896640826873385
,Mil,0.0,0.0,0.0,0.0,0.0,0.0044742729306487695,0.9955257270693513
,Myc,0.0025906735751295338,0.010362694300518135,0.0,0.0,0.09067357512953368,0.12694300518134716,0.7694300518134715
,Pse,0.0,0.0,0.0,0.0,0.007614213197969543,0.13959390862944163,0.8527918781725888
,Syl,0.0,0.0,0.0,0.0,0.0,0.0,1.0

accuracy,0.19584055459272098

,precision,recall,f1-score,support
Alt,0.9285714285714286,0.02631578947368421,0.051181102362204724,494
Big,0.3953488372093023,0.05120481927710843,0.09066666666666665,332
Mac,0.0,0.0,0.0,387
Mil,0.0,0.0,0.0,447
Myc,0.38461538461538464,0.09067357512953368,0.14675052410901468,386
Pse,0.21235521235521235,0.13959390862944163,0.16845329249617153,394
Syl,0.17958030669895075,1.0,0.30448169688676013,445
macro avg,0.30006730992146835,0.18682687035853826,0.10879046893154538,2885
weighted avg,0.312656092990745,0.19584055459272098,0.10880258321124504,2885

VGG16_B6
Confusion matrix not normalized
,,Alt,Big,Mac,Mil,Myc,Pse,Syl
,Alt,0,0,3,0,7,7,477
,Big,0,1,1,0,2,16,312
,Mac,0,0,0,0,0,6,381
,Mil,0,0,0,0,0,2,445
,Myc,0,0,0,0,14,3,369
,Pse,0,0,0,0,0,5,389
,Syl,0,0,0,0,0,0,445

Confusion matrix normalized
,,Alt,Big,Mac,Mil,Myc,Pse,Syl
,Alt,0.0,0.0,0.006072874493927126,0.0,0.01417004048582996,0.01417004048582996,0.9655870445344129
,Big,0.0,0.0030120481927710845,0.0030120481927710845,0.0,0.006024096385542169,0.04819277108433735,0.9397590361445783
,Mac,0.0,0.0,0.0,0.0,0.0,0.015503875968992248,0.9844961240310077
,Mil,0.0,0.0,0.0,0.0,0.0,0.0044742729306487695,0.9955257270693513
,Myc,0.0,0.0,0.0,0.0,0.03626943005181347,0.007772020725388601,0.9559585492227979
,Pse,0.0,0.0,0.0,0.0,0.0,0.012690355329949238,0.9873096446700508
,Syl,0.0,0.0,0.0,0.0,0.0,0.0,1.0

accuracy,0.1611785095320624

,precision,recall,f1-score,support
Alt,0.0,0.0,0.0,494
Big,1.0,0.0030120481927710845,0.006006006006006006,332
Mac,0.0,0.0,0.0,387
Mil,0.0,0.0,0.0,447
Myc,0.6086956521739131,0.03626943005181347,0.06845965770171149,386
Pse,0.1282051282051282,0.012690355329949238,0.023094688221709004,394
Syl,0.15791341376863025,1.0,0.27275513331290224,445
macro avg,0.2706877420210959,0.1502816905106477,0.05290221217747553,2885
weighted avg,0.23838502994072497,0.1611785095320624,0.05507617447155961,2885

VGG16_VGG16
Confusion matrix not normalized
,,Alt,Big,Mac,Mil,Myc,Pse,Syl
,Alt,25,1,0,0,7,139,322
,Big,0,0,0,0,3,108,221
,Mac,1,0,0,0,1,63,322
,Mil,0,0,0,0,0,2,445
,Myc,1,0,0,0,5,82,298
,Pse,0,0,0,0,0,75,319
,Syl,0,0,0,0,0,0,445

Confusion matrix normalized
,,Alt,Big,Mac,Mil,Myc,Pse,Syl
,Alt,0.05060728744939271,0.0020242914979757085,0.0,0.0,0.01417004048582996,0.2813765182186235,0.6518218623481782
,Big,0.0,0.0,0.0,0.0,0.009036144578313253,0.3253012048192771,0.6656626506024096
,Mac,0.002583979328165375,0.0,0.0,0.0,0.002583979328165375,0.16279069767441862,0.8320413436692506
,Mil,0.0,0.0,0.0,0.0,0.0,0.0044742729306487695,0.9955257270693513
,Myc,0.0025906735751295338,0.0,0.0,0.0,0.012953367875647668,0.21243523316062177,0.772020725388601
,Pse,0.0,0.0,0.0,0.0,0.0,0.19035532994923857,0.8096446700507615
,Syl,0.0,0.0,0.0,0.0,0.0,0.0,1.0

accuracy,0.19064124783362218

,precision,recall,f1-score,support
Alt,0.9259259259259259,0.05060728744939271,0.09596928982725528,494
Big,0.0,0.0,0.0,332
Mac,0.0,0.0,0.0,387
Mil,0.0,0.0,0.0,447
Myc,0.3125,0.012953367875647668,0.02487562189054726,386
Pse,0.15991471215351813,0.19035532994923857,0.17381228273464658,394
Syl,0.1876053962900506,1.0,0.3159389421370252,445
macro avg,0.22656371919564208,0.17913085503918272,0.08722801951278204,2885
weighted avg,0.25113455991160005,0.19064124783362218,0.09223074103044794,2885

