linear_auto
Result global
Confusion matrix not normalized
,,Alt,Big,Mac,Mil,Myc,Pse,Syl
,Alt,890,12,18,0,39,29,0
,Big,20,582,26,0,8,27,2
,Mac,10,15,609,0,48,64,4
,Mil,0,0,5,77,0,17,1
,Myc,45,13,51,0,621,38,0
,Pse,32,61,36,0,57,594,0
,Syl,0,9,47,36,17,3,745

Confusion matrix normalized
,,Alt,Big,Mac,Mil,Myc,Pse,Syl
,Alt,0.9008097165991903,0.012145748987854251,0.018218623481781375,0.0,0.039473684210526314,0.029352226720647773,0.0
,Big,0.03007518796992481,0.8751879699248121,0.039097744360902256,0.0,0.012030075187969926,0.0406015037593985,0.0030075187969924814
,Mac,0.013333333333333334,0.02,0.812,0.0,0.064,0.08533333333333333,0.005333333333333333
,Mil,0.0,0.0,0.05,0.77,0.0,0.17,0.01
,Myc,0.05859375,0.016927083333333332,0.06640625,0.0,0.80859375,0.049479166666666664,0.0
,Pse,0.041025641025641026,0.0782051282051282,0.046153846153846156,0.0,0.07307692307692308,0.7615384615384615,0.0
,Syl,0.0,0.010501750291715286,0.05484247374562427,0.042007001166861145,0.019836639439906652,0.003500583430571762,0.8693115519253208

accuracy,0.839038304808476

,precision,recall,f1-score,support
Alt,0.892678034102307,0.9008097165991903,0.8967254408060453,988
Big,0.8410404624277457,0.8751879699248121,0.8577745025792187,665
Mac,0.7689393939393939,0.812,0.7898832684824902,750
Mil,0.6814159292035398,0.77,0.7230046948356806,100
Myc,0.7860759493670886,0.80859375,0.797175866495507,768
Pse,0.7694300518134715,0.7615384615384615,0.7654639175257731,780
Syl,0.9906914893617021,0.8693115519253208,0.9260410192666253,857
macro avg,0.818610187173607,0.8282059214268266,0.8222955299987629,4908
weighted avg,0.8433146535236024,0.839038304808476,0.8402623828906152,4908

Iteration_0
Confusion matrix not normalized
,,Alt,Big,Mac,Mil,Myc,Pse,Syl
,Alt,183,0,2,0,9,4,0
,Big,4,112,6,0,1,9,1
,Mac,4,3,121,0,9,12,1
,Mil,0,0,1,14,0,5,0
,Myc,6,3,10,0,128,7,0
,Pse,6,9,4,0,15,122,0
,Syl,0,2,6,9,5,1,148

Confusion matrix normalized
,,Alt,Big,Mac,Mil,Myc,Pse,Syl
,Alt,0.9242424242424242,0.0,0.010101010101010102,0.0,0.045454545454545456,0.020202020202020204,0.0
,Big,0.03007518796992481,0.8421052631578947,0.045112781954887216,0.0,0.007518796992481203,0.06766917293233082,0.007518796992481203
,Mac,0.02666666666666667,0.02,0.8066666666666666,0.0,0.06,0.08,0.006666666666666667
,Mil,0.0,0.0,0.05,0.7,0.0,0.25,0.0
,Myc,0.03896103896103896,0.01948051948051948,0.06493506493506493,0.0,0.8311688311688312,0.045454545454545456,0.0
,Pse,0.038461538461538464,0.057692307692307696,0.02564102564102564,0.0,0.09615384615384616,0.782051282051282,0.0
,Syl,0.0,0.011695906432748537,0.03508771929824561,0.05263157894736842,0.029239766081871343,0.005847953216374269,0.8654970760233918

accuracy,0.8431771894093686

,precision,recall,f1-score,support
Alt,0.9014778325123153,0.9242424242424242,0.912718204488778,198
Big,0.8682170542635659,0.8421052631578947,0.8549618320610687,133
Mac,0.8066666666666666,0.8066666666666666,0.8066666666666665,150
Mil,0.6086956521739131,0.7,0.6511627906976744,20
Myc,0.7664670658682635,0.8311688311688312,0.7975077881619937,154
Pse,0.7625,0.782051282051282,0.7721518987341772,156
Syl,0.9866666666666667,0.8654970760233918,0.9221183800623054,171
macro avg,0.814384419735913,0.8216759347586414,0.8167553658389519,982
weighted avg,0.8481113240750342,0.8431771894093686,0.844608475088581,982

Iteration_1
Confusion matrix not normalized
,,Alt,Big,Mac,Mil,Myc,Pse,Syl
,Alt,182,4,3,0,6,3,0
,Big,4,117,6,0,2,4,0
,Mac,0,4,126,0,8,12,0
,Mil,0,0,0,17,0,3,0
,Myc,16,4,9,0,116,8,0
,Pse,8,13,11,0,10,114,0
,Syl,0,3,9,6,2,1,151

Confusion matrix normalized
,,Alt,Big,Mac,Mil,Myc,Pse,Syl
,Alt,0.9191919191919192,0.020202020202020204,0.015151515151515152,0.0,0.030303030303030304,0.015151515151515152,0.0
,Big,0.03007518796992481,0.8796992481203008,0.045112781954887216,0.0,0.015037593984962405,0.03007518796992481,0.0
,Mac,0.0,0.02666666666666667,0.84,0.0,0.05333333333333334,0.08,0.0
,Mil,0.0,0.0,0.0,0.85,0.0,0.15,0.0
,Myc,0.10457516339869281,0.026143790849673203,0.058823529411764705,0.0,0.7581699346405228,0.05228758169934641,0.0
,Pse,0.05128205128205128,0.08333333333333333,0.07051282051282051,0.0,0.0641025641025641,0.7307692307692307,0.0
,Syl,0.0,0.01744186046511628,0.05232558139534884,0.03488372093023256,0.011627906976744186,0.005813953488372093,0.877906976744186

accuracy,0.8380855397148677

,precision,recall,f1-score,support
Alt,0.8666666666666667,0.9191919191919192,0.8921568627450981,198
Big,0.8068965517241379,0.8796992481203008,0.8417266187050358,133
Mac,0.7682926829268293,0.84,0.8025477707006369,150
Mil,0.7391304347826086,0.85,0.7906976744186046,20
Myc,0.8055555555555556,0.7581699346405228,0.7811447811447811,153
Pse,0.7862068965517242,0.7307692307692307,0.7574750830564784,156
Syl,1.0,0.877906976744186,0.934984520123839,172
macro avg,0.8246783983153604,0.8365339013523085,0.8286761872706391,982
weighted avg,0.8419979922363096,0.8380855397148677,0.8383823015662213,982

Iteration_2
Confusion matrix not normalized
,,Alt,Big,Mac,Mil,Myc,Pse,Syl
,Alt,177,3,3,0,6,9,0
,Big,4,120,3,0,2,3,1
,Mac,1,3,121,0,10,15,0
,Mil,0,0,1,13,0,6,0
,Myc,3,1,14,0,130,5,0
,Pse,6,16,8,0,12,114,0
,Syl,0,1,11,10,5,1,144

Confusion matrix normalized
,,Alt,Big,Mac,Mil,Myc,Pse,Syl
,Alt,0.8939393939393939,0.015151515151515152,0.015151515151515152,0.0,0.030303030303030304,0.045454545454545456,0.0
,Big,0.03007518796992481,0.9022556390977443,0.022556390977443608,0.0,0.015037593984962405,0.022556390977443608,0.007518796992481203
,Mac,0.006666666666666667,0.02,0.8066666666666666,0.0,0.06666666666666667,0.1,0.0
,Mil,0.0,0.0,0.05,0.65,0.0,0.3,0.0
,Myc,0.0196078431372549,0.006535947712418301,0.0915032679738562,0.0,0.8496732026143791,0.032679738562091505,0.0
,Pse,0.038461538461538464,0.10256410256410256,0.05128205128205128,0.0,0.07692307692307693,0.7307692307692307,0.0
,Syl,0.0,0.005813953488372093,0.06395348837209303,0.05813953488372093,0.029069767441860465,0.005813953488372093,0.8372093023255814

accuracy,0.8340122199592668

,precision,recall,f1-score,support
Alt,0.9267015706806283,0.8939393939393939,0.910025706940874,198
Big,0.8333333333333334,0.9022556390977443,0.8664259927797833,133
Mac,0.7515527950310559,0.8066666666666666,0.7781350482315113,150
Mil,0.5652173913043478,0.65,0.6046511627906976,20
Myc,0.7878787878787878,0.8496732026143791,0.8176100628930818,153
Pse,0.7450980392156863,0.7307692307692307,0.7378640776699028,156
Syl,0.993103448275862,0.8372093023255814,0.9085173501577287,172
macro avg,0.8004121951028145,0.8100733479161423,0.8033184859233684,982
weighted avg,0.8410917038445955,0.8340122199592668,0.8357425126994098,982

Iteration_3
Confusion matrix not normalized
,,Alt,Big,Mac,Mil,Myc,Pse,Syl
,Alt,174,4,5,0,8,6,0
,Big,2,121,4,0,2,4,0
,Mac,2,1,121,0,10,14,2
,Mil,0,0,0,17,0,2,1
,Myc,8,4,11,0,122,9,0
,Pse,7,9,7,0,12,121,0
,Syl,0,2,10,5,4,0,150

Confusion matrix normalized
,,Alt,Big,Mac,Mil,Myc,Pse,Syl
,Alt,0.883248730964467,0.02030456852791878,0.025380710659898477,0.0,0.04060913705583756,0.030456852791878174,0.0
,Big,0.015037593984962405,0.9097744360902256,0.03007518796992481,0.0,0.015037593984962405,0.03007518796992481,0.0
,Mac,0.013333333333333334,0.006666666666666667,0.8066666666666666,0.0,0.06666666666666667,0.09333333333333334,0.013333333333333334
,Mil,0.0,0.0,0.0,0.85,0.0,0.1,0.05
,Myc,0.05194805194805195,0.025974025974025976,0.07142857142857142,0.0,0.7922077922077922,0.05844155844155844,0.0
,Pse,0.04487179487179487,0.057692307692307696,0.04487179487179487,0.0,0.07692307692307693,0.7756410256410257,0.0
,Syl,0.0,0.011695906432748537,0.05847953216374269,0.029239766081871343,0.023391812865497075,0.0,0.8771929824561403

accuracy,0.8419979612640163

,precision,recall,f1-score,support
Alt,0.9015544041450777,0.883248730964467,0.8923076923076924,197
Big,0.8581560283687943,0.9097744360902256,0.8832116788321168,133
Mac,0.7658227848101266,0.8066666666666666,0.7857142857142857,150
Mil,0.7727272727272727,0.85,0.8095238095238095,20
Myc,0.7721518987341772,0.7922077922077922,0.7820512820512822,154
Pse,0.7756410256410257,0.7756410256410257,0.7756410256410257,156
Syl,0.9803921568627451,0.8771929824561403,0.9259259259259259,171
macro avg,0.8323493673270314,0.8421045191466169,0.8363393857137339,981
weighted avg,0.84569560019805,0.8419979612640163,0.8430872767442782,981

Iteration_4
Confusion matrix not normalized
,,Alt,Big,Mac,Mil,Myc,Pse,Syl
,Alt,174,1,5,0,10,7,0
,Big,6,112,7,0,1,7,0
,Mac,3,4,120,0,11,11,1
,Mil,0,0,3,16,0,1,0
,Myc,12,1,7,0,125,9,0
,Pse,5,14,6,0,8,123,0
,Syl,0,1,11,6,1,0,152

Confusion matrix normalized
,,Alt,Big,Mac,Mil,Myc,Pse,Syl
,Alt,0.883248730964467,0.005076142131979695,0.025380710659898477,0.0,0.050761421319796954,0.03553299492385787,0.0
,Big,0.045112781954887216,0.8421052631578947,0.05263157894736842,0.0,0.007518796992481203,0.05263157894736842,0.0
,Mac,0.02,0.02666666666666667,0.8,0.0,0.07333333333333333,0.07333333333333333,0.006666666666666667
,Mil,0.0,0.0,0.15,0.8,0.0,0.05,0.0
,Myc,0.07792207792207792,0.006493506493506494,0.045454545454545456,0.0,0.8116883116883117,0.05844155844155844,0.0
,Pse,0.03205128205128205,0.08974358974358974,0.038461538461538464,0.0,0.05128205128205128,0.7884615384615384,0.0
,Syl,0.0,0.005847953216374269,0.06432748538011696,0.03508771929824561,0.005847953216374269,0.0,0.8888888888888888

accuracy,0.8379204892966361

,precision,recall,f1-score,support
Alt,0.87,0.883248730964467,0.8765743073047859,197
Big,0.8421052631578947,0.8421052631578947,0.8421052631578947,133
Mac,0.7547169811320755,0.8,0.7766990291262137,150
Mil,0.7272727272727273,0.8,0.761904761904762,20
Myc,0.8012820512820513,0.8116883116883117,0.8064516129032259,154
Pse,0.7784810126582279,0.7884615384615384,0.7834394904458599,156
Syl,0.9934640522875817,0.8888888888888888,0.9382716049382716,171
macro avg,0.8239031553986511,0.8306275333087287,0.8264922956830018,981
weighted avg,0.8418611911606134,0.8379204892966361,0.8392279729736651,981

linear_none
Result global
Confusion matrix not normalized
,,Alt,Big,Mac,Mil,Myc,Pse,Syl
,Alt,909,10,12,0,35,22,0
,Big,11,592,21,0,12,27,2
,Mac,4,8,653,0,33,48,4
,Mil,0,0,5,77,0,14,4
,Myc,25,11,37,0,648,47,0
,Pse,20,58,33,0,47,622,0
,Syl,5,10,27,38,10,5,762

Confusion matrix normalized
,,Alt,Big,Mac,Mil,Myc,Pse,Syl
,Alt,0.9200404858299596,0.010121457489878543,0.012145748987854251,0.0,0.0354251012145749,0.022267206477732792,0.0
,Big,0.016541353383458645,0.8902255639097745,0.031578947368421054,0.0,0.01804511278195489,0.0406015037593985,0.0030075187969924814
,Mac,0.005333333333333333,0.010666666666666666,0.8706666666666667,0.0,0.044,0.064,0.005333333333333333
,Mil,0.0,0.0,0.05,0.77,0.0,0.14,0.04
,Myc,0.032552083333333336,0.014322916666666666,0.048177083333333336,0.0,0.84375,0.061197916666666664,0.0
,Pse,0.02564102564102564,0.07435897435897436,0.04230769230769231,0.0,0.06025641025641026,0.7974358974358975,0.0
,Syl,0.005834305717619603,0.011668611435239206,0.03150525087514586,0.044340723453908985,0.011668611435239206,0.005834305717619603,0.8891481913652275

accuracy,0.8685819070904646

,precision,recall,f1-score,support
Alt,0.9332648870636551,0.9200404858299596,0.926605504587156,988
Big,0.8592162554426706,0.8902255639097745,0.8744460856720827,665
Mac,0.8286802030456852,0.8706666666666667,0.8491547464239272,750
Mil,0.6695652173913044,0.77,0.7162790697674418,100
Myc,0.8254777070063695,0.84375,0.8345138441725692,768
Pse,0.7923566878980892,0.7974358974358975,0.794888178913738,780
Syl,0.9870466321243523,0.8891481913652275,0.9355432780847145,857
macro avg,0.8422296557103037,0.8544666864582179,0.8473472439459471,4908
weighted avg,0.872007997470178,0.8685819070904646,0.8696346482262803,4908

Iteration_0
Confusion matrix not normalized
,,Alt,Big,Mac,Mil,Myc,Pse,Syl
,Alt,186,1,3,0,6,2,0
,Big,3,112,4,0,2,11,1
,Mac,0,1,130,0,7,10,2
,Mil,0,0,0,15,0,4,1
,Myc,4,3,11,0,128,8,0
,Pse,3,9,6,0,8,130,0
,Syl,2,3,3,7,1,0,155

Confusion matrix normalized
,,Alt,Big,Mac,Mil,Myc,Pse,Syl
,Alt,0.9393939393939394,0.005050505050505051,0.015151515151515152,0.0,0.030303030303030304,0.010101010101010102,0.0
,Big,0.022556390977443608,0.8421052631578947,0.03007518796992481,0.0,0.015037593984962405,0.08270676691729323,0.007518796992481203
,Mac,0.0,0.006666666666666667,0.8666666666666667,0.0,0.04666666666666667,0.06666666666666667,0.013333333333333334
,Mil,0.0,0.0,0.0,0.75,0.0,0.2,0.05
,Myc,0.025974025974025976,0.01948051948051948,0.07142857142857142,0.0,0.8311688311688312,0.05194805194805195,0.0
,Pse,0.019230769230769232,0.057692307692307696,0.038461538461538464,0.0,0.05128205128205128,0.8333333333333334,0.0
,Syl,0.011695906432748537,0.017543859649122806,0.017543859649122806,0.04093567251461988,0.005847953216374269,0.0,0.9064327485380117

accuracy,0.8716904276985743

,precision,recall,f1-score,support
Alt,0.9393939393939394,0.9393939393939394,0.9393939393939394,198
Big,0.8682170542635659,0.8421052631578947,0.8549618320610687,133
Mac,0.8280254777070064,0.8666666666666667,0.8469055374592834,150
Mil,0.6818181818181818,0.75,0.7142857142857143,20
Myc,0.8421052631578947,0.8311688311688312,0.8366013071895425,154
Pse,0.7878787878787878,0.8333333333333334,0.809968847352025,156
Syl,0.9748427672955975,0.9064327485380117,0.9393939393939394,171
macro avg,0.8460402102164248,0.852728683179811,0.8487873024479303,982
weighted avg,0.8743426355930984,0.8716904276985743,0.8725657573311589,982

Iteration_1
Confusion matrix not normalized
,,Alt,Big,Mac,Mil,Myc,Pse,Syl
,Alt,184,2,0,0,9,3,0
,Big,0,121,6,0,2,4,0
,Mac,0,3,133,0,4,10,0
,Mil,0,0,0,18,0,2,0
,Myc,9,4,6,0,123,11,0
,Pse,4,12,9,0,13,118,0
,Syl,0,3,5,7,1,2,154

Confusion matrix normalized
,,Alt,Big,Mac,Mil,Myc,Pse,Syl
,Alt,0.9292929292929293,0.010101010101010102,0.0,0.0,0.045454545454545456,0.015151515151515152,0.0
,Big,0.0,0.9097744360902256,0.045112781954887216,0.0,0.015037593984962405,0.03007518796992481,0.0
,Mac,0.0,0.02,0.8866666666666667,0.0,0.02666666666666667,0.06666666666666667,0.0
,Mil,0.0,0.0,0.0,0.9,0.0,0.1,0.0
,Myc,0.058823529411764705,0.026143790849673203,0.0392156862745098,0.0,0.803921568627451,0.0718954248366013,0.0
,Pse,0.02564102564102564,0.07692307692307693,0.057692307692307696,0.0,0.08333333333333333,0.7564102564102564,0.0
,Syl,0.0,0.01744186046511628,0.029069767441860465,0.040697674418604654,0.005813953488372093,0.011627906976744186,0.8953488372093024

accuracy,0.8665987780040734

,precision,recall,f1-score,support
Alt,0.934010152284264,0.9292929292929293,0.9316455696202531,198
Big,0.8344827586206897,0.9097744360902256,0.8705035971223022,133
Mac,0.8364779874213837,0.8866666666666667,0.86084142394822,150
Mil,0.72,0.9,0.7999999999999999,20
Myc,0.8092105263157895,0.803921568627451,0.8065573770491803,153
Pse,0.7866666666666666,0.7564102564102564,0.7712418300653594,156
Syl,1.0,0.8953488372093024,0.9447852760736196,172
macro avg,0.8458354416155418,0.8687735277566901,0.8550821534112762,982
weighted avg,0.8699807797233802,0.8665987780040734,0.8671986623805422,982

Iteration_2
Confusion matrix not normalized
,,Alt,Big,Mac,Mil,Myc,Pse,Syl
,Alt,182,1,3,0,5,7,0
,Big,2,122,1,0,2,5,1
,Mac,1,1,133,0,7,8,0
,Mil,0,0,1,13,0,5,1
,Myc,3,1,7,0,132,10,0
,Pse,3,15,6,0,13,119,0
,Syl,0,1,8,9,2,3,149

Confusion matrix normalized
,,Alt,Big,Mac,Mil,Myc,Pse,Syl
,Alt,0.9191919191919192,0.005050505050505051,0.015151515151515152,0.0,0.025252525252525252,0.03535353535353535,0.0
,Big,0.015037593984962405,0.9172932330827067,0.007518796992481203,0.0,0.015037593984962405,0.03759398496240601,0.007518796992481203
,Mac,0.006666666666666667,0.006666666666666667,0.8866666666666667,0.0,0.04666666666666667,0.05333333333333334,0.0
,Mil,0.0,0.0,0.05,0.65,0.0,0.25,0.05
,Myc,0.0196078431372549,0.006535947712418301,0.0457516339869281,0.0,0.8627450980392157,0.06535947712418301,0.0
,Pse,0.019230769230769232,0.09615384615384616,0.038461538461538464,0.0,0.08333333333333333,0.7628205128205128,0.0
,Syl,0.0,0.005813953488372093,0.046511627906976744,0.05232558139534884,0.011627906976744186,0.01744186046511628,0.8662790697674418

accuracy,0.8655804480651731

,precision,recall,f1-score,support
Alt,0.9528795811518325,0.9191919191919192,0.93573264781491,198
Big,0.8652482269503546,0.9172932330827067,0.8905109489051095,133
Mac,0.8364779874213837,0.8866666666666667,0.86084142394822,150
Mil,0.5909090909090909,0.65,0.6190476190476191,20
Myc,0.8198757763975155,0.8627450980392157,0.8407643312101911,153
Pse,0.7579617834394905,0.7628205128205128,0.7603833865814695,156
Syl,0.9867549668874173,0.8662790697674418,0.9226006191950464,172
macro avg,0.8300153447367266,0.8378566427954947,0.8328401395289379,982
weighted avg,0.8701048243318388,0.8655804480651731,0.8667660325135781,982

Iteration_3
Confusion matrix not normalized
,,Alt,Big,Mac,Mil,Myc,Pse,Syl
,Alt,181,4,1,0,8,3,0
,Big,1,121,4,0,3,4,0
,Mac,1,0,129,0,9,10,1
,Mil,0,0,1,17,0,1,1
,Myc,4,3,7,0,130,10,0
,Pse,7,8,8,0,6,127,0
,Syl,1,2,5,6,4,0,153

Confusion matrix normalized
,,Alt,Big,Mac,Mil,Myc,Pse,Syl
,Alt,0.9187817258883249,0.02030456852791878,0.005076142131979695,0.0,0.04060913705583756,0.015228426395939087,0.0
,Big,0.007518796992481203,0.9097744360902256,0.03007518796992481,0.0,0.022556390977443608,0.03007518796992481,0.0
,Mac,0.006666666666666667,0.0,0.86,0.0,0.06,0.06666666666666667,0.006666666666666667
,Mil,0.0,0.0,0.05,0.85,0.0,0.05,0.05
,Myc,0.025974025974025976,0.01948051948051948,0.045454545454545456,0.0,0.8441558441558441,0.06493506493506493,0.0
,Pse,0.04487179487179487,0.05128205128205128,0.05128205128205128,0.0,0.038461538461538464,0.8141025641025641,0.0
,Syl,0.005847953216374269,0.011695906432748537,0.029239766081871343,0.03508771929824561,0.023391812865497075,0.0,0.8947368421052632

accuracy,0.8746177370030581

,precision,recall,f1-score,support
Alt,0.9282051282051282,0.9187817258883249,0.9234693877551021,197
Big,0.8768115942028986,0.9097744360902256,0.8929889298892988,133
Mac,0.832258064516129,0.86,0.8459016393442623,150
Mil,0.7391304347826086,0.85,0.7906976744186046,20
Myc,0.8125,0.8441558441558441,0.8280254777070064,154
Pse,0.8193548387096774,0.8141025641025641,0.8167202572347266,156
Syl,0.9870967741935484,0.8947368421052632,0.9386503067484663,171
macro avg,0.8564795478014272,0.870221630334603,0.8623505247282097,981
weighted avg,0.877504152787231,0.8746177370030581,0.8754573726835141,981

Iteration_4
Confusion matrix not normalized
,,Alt,Big,Mac,Mil,Myc,Pse,Syl
,Alt,176,2,5,0,7,7,0
,Big,5,116,6,0,3,3,0
,Mac,2,3,128,0,6,10,1
,Mil,0,0,3,14,0,2,1
,Myc,5,0,6,0,135,8,0
,Pse,3,14,4,0,7,128,0
,Syl,2,1,6,9,2,0,151

Confusion matrix normalized
,,Alt,Big,Mac,Mil,Myc,Pse,Syl
,Alt,0.8934010152284264,0.01015228426395939,0.025380710659898477,0.0,0.03553299492385787,0.03553299492385787,0.0
,Big,0.03759398496240601,0.8721804511278195,0.045112781954887216,0.0,0.022556390977443608,0.022556390977443608,0.0
,Mac,0.013333333333333334,0.02,0.8533333333333334,0.0,0.04,0.06666666666666667,0.006666666666666667
,Mil,0.0,0.0,0.15,0.7,0.0,0.1,0.05
,Myc,0.032467532467532464,0.0,0.03896103896103896,0.0,0.8766233766233766,0.05194805194805195,0.0
,Pse,0.019230769230769232,0.08974358974358974,0.02564102564102564,0.0,0.04487179487179487,0.8205128205128205,0.0
,Syl,0.011695906432748537,0.005847953216374269,0.03508771929824561,0.05263157894736842,0.011695906432748537,0.0,0.8830409356725146

accuracy,0.8644240570846076

,precision,recall,f1-score,support
Alt,0.9119170984455959,0.8934010152284264,0.9025641025641026,197
Big,0.8529411764705882,0.8721804511278195,0.862453531598513,133
Mac,0.810126582278481,0.8533333333333334,0.8311688311688312,150
Mil,0.6086956521739131,0.7,0.6511627906976744,20
Myc,0.84375,0.8766233766233766,0.8598726114649682,154
Pse,0.810126582278481,0.8205128205128205,0.8152866242038216,156
Syl,0.9869281045751634,0.8830409356725146,0.9320987654320988,171
macro avg,0.8320693137460318,0.8427274189283273,0.8363724653042871,981
weighted avg,0.8683625871227493,0.8644240570846076,0.8656513892225268,981

quatra
Result global
Confusion matrix not normalized
,,Alt,Big,Mac,Mil,Myc,Pse,Syl
,Alt,882,40,7,0,44,9,6
,Big,33,540,19,0,13,28,32
,Mac,21,34,554,0,73,34,34
,Mil,0,0,19,0,4,6,71
,Myc,69,13,29,0,624,25,8
,Pse,36,61,77,0,81,506,19
,Syl,6,2,4,0,12,0,833

Confusion matrix normalized
,,Alt,Big,Mac,Mil,Myc,Pse,Syl
,Alt,0.8927125506072875,0.04048582995951417,0.00708502024291498,0.0,0.044534412955465584,0.009109311740890687,0.006072874493927126
,Big,0.04962406015037594,0.8120300751879699,0.02857142857142857,0.0,0.019548872180451128,0.042105263157894736,0.0481203007518797
,Mac,0.028,0.04533333333333334,0.7386666666666667,0.0,0.09733333333333333,0.04533333333333334,0.04533333333333334
,Mil,0.0,0.0,0.19,0.0,0.04,0.06,0.71
,Myc,0.08984375,0.016927083333333332,0.037760416666666664,0.0,0.8125,0.032552083333333336,0.010416666666666666
,Pse,0.046153846153846156,0.0782051282051282,0.09871794871794871,0.0,0.10384615384615385,0.6487179487179487,0.02435897435897436
,Syl,0.007001166861143524,0.002333722287047841,0.004667444574095682,0.0,0.014002333722287048,0.0,0.9719953325554259

accuracy,0.8025672371638142

,precision,recall,f1-score,support
Alt,0.8424068767908309,0.8927125506072875,0.8668304668304668,988
Big,0.782608695652174,0.8120300751879699,0.7970479704797048,665
Mac,0.7813822284908322,0.7386666666666667,0.7594242631939685,750
Mil,0.0,0.0,0.0,100
Myc,0.7332549941245593,0.8125,0.7708462013588635,768
Pse,0.8322368421052632,0.6487179487179487,0.729106628242075,780
Syl,0.8305084745762712,0.9719953325554259,0.8956989247311827,857
macro avg,0.6860568731057045,0.6966603676764712,0.6884220649766088,4908
weighted avg,0.7870415206372844,0.8025672371638142,0.7914345212225,4908

Iteration_0
Confusion matrix not normalized
,,Alt,Big,Mac,Mil,Myc,Pse,Syl
,Alt,155,11,1,0,22,6,3
,Big,3,115,1,0,2,7,5
,Mac,4,6,104,0,13,13,10
,Mil,0,0,2,0,0,3,15
,Myc,2,5,7,0,136,3,1
,Pse,3,11,6,0,18,116,2
,Syl,1,1,0,0,3,0,166

Confusion matrix normalized
,,Alt,Big,Mac,Mil,Myc,Pse,Syl
,Alt,0.7828282828282829,0.05555555555555555,0.005050505050505051,0.0,0.1111111111111111,0.030303030303030304,0.015151515151515152
,Big,0.022556390977443608,0.8646616541353384,0.007518796992481203,0.0,0.015037593984962405,0.05263157894736842,0.03759398496240601
,Mac,0.02666666666666667,0.04,0.6933333333333334,0.0,0.08666666666666667,0.08666666666666667,0.06666666666666667
,Mil,0.0,0.0,0.1,0.0,0.0,0.15,0.75
,Myc,0.012987012987012988,0.032467532467532464,0.045454545454545456,0.0,0.8831168831168831,0.01948051948051948,0.006493506493506494
,Pse,0.019230769230769232,0.07051282051282051,0.038461538461538464,0.0,0.11538461538461539,0.7435897435897436,0.01282051282051282
,Syl,0.005847953216374269,0.005847953216374269,0.0,0.0,0.017543859649122806,0.0,0.9707602339181286

accuracy,0.8065173116089613

,precision,recall,f1-score,support
Alt,0.9226190476190477,0.7828282828282829,0.8469945355191257,198
Big,0.7718120805369127,0.8646616541353384,0.8156028368794326,133
Mac,0.859504132231405,0.6933333333333334,0.7675276752767528,150
Mil,0.0,0.0,0.0,20
Myc,0.7010309278350515,0.8831168831168831,0.7816091954022988,154
Pse,0.7837837837837838,0.7435897435897436,0.7631578947368421,156
Syl,0.8217821782178217,0.9707602339181286,0.8900804289544236,171
macro avg,0.6943617357462889,0.7054700187031013,0.6949960809669822,982
weighted avg,0.7993981503124311,0.8065173116089613,0.7972845699097477,982

Iteration_1
Confusion matrix not normalized
,,Alt,Big,Mac,Mil,Myc,Pse,Syl
,Alt,192,3,1,0,0,1,1
,Big,7,97,6,0,4,11,8
,Mac,3,4,118,0,14,6,5
,Mil,0,0,5,0,1,0,14
,Myc,15,0,6,0,118,10,4
,Pse,10,8,12,0,14,107,5
,Syl,0,0,2,0,2,0,168

Confusion matrix normalized
,,Alt,Big,Mac,Mil,Myc,Pse,Syl
,Alt,0.9696969696969697,0.015151515151515152,0.005050505050505051,0.0,0.0,0.005050505050505051,0.005050505050505051
,Big,0.05263157894736842,0.7293233082706767,0.045112781954887216,0.0,0.03007518796992481,0.08270676691729323,0.06015037593984962
,Mac,0.02,0.02666666666666667,0.7866666666666666,0.0,0.09333333333333334,0.04,0.03333333333333333
,Mil,0.0,0.0,0.25,0.0,0.05,0.0,0.7
,Myc,0.09803921568627451,0.0,0.0392156862745098,0.0,0.7712418300653595,0.06535947712418301,0.026143790849673203
,Pse,0.0641025641025641,0.05128205128205128,0.07692307692307693,0.0,0.08974358974358974,0.6858974358974359,0.03205128205128205
,Syl,0.0,0.0,0.011627906976744186,0.0,0.011627906976744186,0.0,0.9767441860465116

accuracy,0.814663951120163

,precision,recall,f1-score,support
Alt,0.8458149779735683,0.9696969696969697,0.9035294117647059,198
Big,0.8660714285714286,0.7293233082706767,0.7918367346938776,133
Mac,0.7866666666666666,0.7866666666666666,0.7866666666666666,150
Mil,0.0,0.0,0.0,20
Myc,0.7712418300653595,0.7712418300653595,0.7712418300653595,153
Pse,0.7925925925925926,0.6858974358974359,0.7353951890034366,156
Syl,0.8195121951219512,0.9767441860465116,0.8912466843501327,172
macro avg,0.6974142415702238,0.7027957709490886,0.6971309309348827,982
weighted avg,0.7976165047293143,0.814663951120163,0.8026773812998539,982

Iteration_2
Confusion matrix not normalized
,,Alt,Big,Mac,Mil,Myc,Pse,Syl
,Alt,181,10,0,0,5,1,1
,Big,8,112,1,0,1,6,5
,Mac,5,9,106,0,18,9,3
,Mil,0,0,4,0,2,2,12
,Myc,11,2,4,0,129,7,0
,Pse,8,12,9,0,16,106,5
,Syl,2,1,1,0,2,0,166

Confusion matrix normalized
,,Alt,Big,Mac,Mil,Myc,Pse,Syl
,Alt,0.9141414141414141,0.050505050505050504,0.0,0.0,0.025252525252525252,0.005050505050505051,0.005050505050505051
,Big,0.06015037593984962,0.8421052631578947,0.007518796992481203,0.0,0.007518796992481203,0.045112781954887216,0.03759398496240601
,Mac,0.03333333333333333,0.06,0.7066666666666667,0.0,0.12,0.06,0.02
,Mil,0.0,0.0,0.2,0.0,0.1,0.1,0.6
,Myc,0.0718954248366013,0.013071895424836602,0.026143790849673203,0.0,0.8431372549019608,0.0457516339869281,0.0
,Pse,0.05128205128205128,0.07692307692307693,0.057692307692307696,0.0,0.10256410256410256,0.6794871794871795,0.03205128205128205
,Syl,0.011627906976744186,0.005813953488372093,0.005813953488372093,0.0,0.011627906976744186,0.0,0.9651162790697675

accuracy,0.814663951120163

,precision,recall,f1-score,support
Alt,0.8418604651162791,0.9141414141414141,0.8765133171912833,198
Big,0.7671232876712328,0.8421052631578947,0.8028673835125448,133
Mac,0.848,0.7066666666666667,0.7709090909090909,150
Mil,0.0,0.0,0.0,20
Myc,0.7456647398843931,0.8431372549019608,0.7914110429447854,153
Pse,0.8091603053435115,0.6794871794871795,0.7386759581881533,156
Syl,0.8645833333333334,0.9651162790697675,0.9120879120879122,172
macro avg,0.6966274473355357,0.7072362939178405,0.6989235292619672,982
weighted avg,0.7993277143813956,0.814663951120163,0.8036311836806834,982

Iteration_3
Confusion matrix not normalized
,,Alt,Big,Mac,Mil,Myc,Pse,Syl
,Alt,172,11,3,0,10,0,1
,Big,7,115,4,0,2,2,3
,Mac,5,10,108,0,19,1,7
,Mil,0,0,1,0,0,1,18
,Myc,16,3,4,0,128,1,2
,Pse,8,14,21,0,24,86,3
,Syl,0,0,0,0,4,0,167

Confusion matrix normalized
,,Alt,Big,Mac,Mil,Myc,Pse,Syl
,Alt,0.8730964467005076,0.05583756345177665,0.015228426395939087,0.0,0.050761421319796954,0.0,0.005076142131979695
,Big,0.05263157894736842,0.8646616541353384,0.03007518796992481,0.0,0.015037593984962405,0.015037593984962405,0.022556390977443608
,Mac,0.03333333333333333,0.06666666666666667,0.72,0.0,0.12666666666666668,0.006666666666666667,0.04666666666666667
,Mil,0.0,0.0,0.05,0.0,0.0,0.05,0.9
,Myc,0.1038961038961039,0.01948051948051948,0.025974025974025976,0.0,0.8311688311688312,0.006493506493506494,0.012987012987012988
,Pse,0.05128205128205128,0.08974358974358974,0.1346153846153846,0.0,0.15384615384615385,0.5512820512820513,0.019230769230769232
,Syl,0.0,0.0,0.0,0.0,0.023391812865497075,0.0,0.9766081871345029

accuracy,0.7910295616717635

,precision,recall,f1-score,support
Alt,0.8269230769230769,0.8730964467005076,0.8493827160493826,197
Big,0.7516339869281046,0.8646616541353384,0.8041958041958043,133
Mac,0.7659574468085106,0.72,0.7422680412371133,150
Mil,0.0,0.0,0.0,20
Myc,0.6844919786096256,0.8311688311688312,0.7507331378299121,154
Pse,0.945054945054945,0.5512820512820513,0.6963562753036437,156
Syl,0.8308457711442786,0.9766081871345029,0.8978494623655915,171
macro avg,0.6864153150669344,0.6881167386316045,0.677255062425921,981
weighted avg,0.7876450014645119,0.7910295616717635,0.7781889739480411,981

Iteration_4
Confusion matrix not normalized
,,Alt,Big,Mac,Mil,Myc,Pse,Syl
,Alt,182,5,2,0,7,1,0
,Big,8,101,7,0,4,2,11
,Mac,4,5,118,0,9,5,9
,Mil,0,0,7,0,1,0,12
,Myc,25,3,8,0,113,4,1
,Pse,7,16,29,0,9,91,4
,Syl,3,0,1,0,1,0,166

Confusion matrix normalized
,,Alt,Big,Mac,Mil,Myc,Pse,Syl
,Alt,0.9238578680203046,0.025380710659898477,0.01015228426395939,0.0,0.03553299492385787,0.005076142131979695,0.0
,Big,0.06015037593984962,0.7593984962406015,0.05263157894736842,0.0,0.03007518796992481,0.015037593984962405,0.08270676691729323
,Mac,0.02666666666666667,0.03333333333333333,0.7866666666666666,0.0,0.06,0.03333333333333333,0.06
,Mil,0.0,0.0,0.35,0.0,0.05,0.0,0.6
,Myc,0.16233766233766234,0.01948051948051948,0.05194805194805195,0.0,0.7337662337662337,0.025974025974025976,0.006493506493506494
,Pse,0.04487179487179487,0.10256410256410256,0.1858974358974359,0.0,0.057692307692307696,0.5833333333333334,0.02564102564102564
,Syl,0.017543859649122806,0.0,0.005847953216374269,0.0,0.005847953216374269,0.0,0.9707602339181286

accuracy,0.7859327217125383

,precision,recall,f1-score,support
Alt,0.7947598253275109,0.9238578680203046,0.8544600938967135,197
Big,0.7769230769230769,0.7593984962406015,0.7680608365019013,133
Mac,0.686046511627907,0.7866666666666666,0.732919254658385,150
Mil,0.0,0.0,0.0,20
Myc,0.7847222222222222,0.7337662337662337,0.7583892617449665,154
Pse,0.883495145631068,0.5833333333333334,0.7027027027027027,156
Syl,0.8177339901477833,0.9707602339181286,0.8877005347593583,171
macro avg,0.6776686816970813,0.6796832617064669,0.6720332406091467,981
weighted avg,0.7760554626100048,0.7859327217125383,0.7733220971716207,981

svc
Result global
Confusion matrix not normalized
,,Alt,Big,Mac,Mil,Myc,Pse,Syl
,Alt,823,0,29,0,57,9,70
,Big,262,180,25,0,33,120,45
,Mac,90,20,390,0,102,84,64
,Mil,7,0,12,0,1,0,80
,Myc,155,1,82,0,484,42,4
,Pse,153,65,72,0,96,387,7
,Syl,15,1,18,0,3,0,820

Confusion matrix normalized
,,Alt,Big,Mac,Mil,Myc,Pse,Syl
,Alt,0.832995951417004,0.0,0.029352226720647773,0.0,0.057692307692307696,0.009109311740890687,0.0708502024291498
,Big,0.39398496240601505,0.2706766917293233,0.03759398496240601,0.0,0.04962406015037594,0.18045112781954886,0.06766917293233082
,Mac,0.12,0.02666666666666667,0.52,0.0,0.136,0.112,0.08533333333333333
,Mil,0.07,0.0,0.12,0.0,0.01,0.0,0.8
,Myc,0.20182291666666666,0.0013020833333333333,0.10677083333333333,0.0,0.6302083333333334,0.0546875,0.005208333333333333
,Pse,0.19615384615384615,0.08333333333333333,0.09230769230769231,0.0,0.12307692307692308,0.49615384615384617,0.008974358974358974
,Syl,0.01750291715285881,0.0011668611435239206,0.021003500583430573,0.0,0.003500583430571762,0.0,0.9568261376896149

accuracy,0.628361858190709

,precision,recall,f1-score,support
Alt,0.546843853820598,0.832995951417004,0.6602486963497793,988
Big,0.6741573033707865,0.2706766917293233,0.38626609442060084,665
Mac,0.6210191082802548,0.52,0.5660377358490566,750
Mil,0.0,0.0,0.0,100
Myc,0.6237113402061856,0.6302083333333334,0.6269430051813472,768
Pse,0.602803738317757,0.49615384615384617,0.5443037974683544,780
Syl,0.7522935779816514,0.9568261376896149,0.842321520287622,857
macro avg,0.5458327031396047,0.5295515657604459,0.5180172642223944,4908
weighted avg,0.6210826175678466,0.628361858190709,0.6034310716302276,4908

Iteration_0
Confusion matrix not normalized
,,Alt,Big,Mac,Mil,Myc,Pse,Syl
,Alt,165,0,8,0,9,2,14
,Big,51,29,5,0,5,33,10
,Mac,16,5,76,0,18,19,16
,Mil,1,0,2,0,1,0,16
,Myc,18,1,12,0,113,10,0
,Pse,30,7,13,0,18,87,1
,Syl,4,0,0,0,2,0,165

Confusion matrix normalized
,,Alt,Big,Mac,Mil,Myc,Pse,Syl
,Alt,0.8333333333333334,0.0,0.04040404040404041,0.0,0.045454545454545456,0.010101010101010102,0.0707070707070707
,Big,0.38345864661654133,0.21804511278195488,0.03759398496240601,0.0,0.03759398496240601,0.24812030075187969,0.07518796992481203
,Mac,0.10666666666666667,0.03333333333333333,0.5066666666666667,0.0,0.12,0.12666666666666668,0.10666666666666667
,Mil,0.05,0.0,0.1,0.0,0.05,0.0,0.8
,Myc,0.11688311688311688,0.006493506493506494,0.07792207792207792,0.0,0.7337662337662337,0.06493506493506493,0.0
,Pse,0.19230769230769232,0.04487179487179487,0.08333333333333333,0.0,0.11538461538461539,0.5576923076923077,0.00641025641025641
,Syl,0.023391812865497075,0.0,0.0,0.0,0.011695906432748537,0.0,0.9649122807017544

accuracy,0.6466395112016293

,precision,recall,f1-score,support
Alt,0.5789473684210527,0.8333333333333334,0.6832298136645962,198
Big,0.6904761904761905,0.21804511278195488,0.33142857142857135,133
Mac,0.6551724137931034,0.5066666666666667,0.5714285714285715,150
Mil,0.0,0.0,0.0,20
Myc,0.6807228915662651,0.7337662337662337,0.70625,154
Pse,0.5761589403973509,0.5576923076923077,0.5667752442996743,156
Syl,0.7432432432432432,0.9649122807017544,0.8396946564885496,171
macro avg,0.5606744354138866,0.5449165621346072,0.528400979615709,982
weighted avg,0.6380320661379364,0.6466395112016293,0.6169460419451801,982

Iteration_1
Confusion matrix not normalized
,,Alt,Big,Mac,Mil,Myc,Pse,Syl
,Alt,170,0,4,0,8,0,16
,Big,55,39,3,0,5,21,10
,Mac,19,2,81,0,21,20,7
,Mil,0,0,4,0,0,0,16
,Myc,43,0,24,0,74,10,2
,Pse,29,12,14,0,19,80,2
,Syl,1,0,7,0,0,0,164

Confusion matrix normalized
,,Alt,Big,Mac,Mil,Myc,Pse,Syl
,Alt,0.8585858585858586,0.0,0.020202020202020204,0.0,0.04040404040404041,0.0,0.08080808080808081
,Big,0.41353383458646614,0.2932330827067669,0.022556390977443608,0.0,0.03759398496240601,0.15789473684210525,0.07518796992481203
,Mac,0.12666666666666668,0.013333333333333334,0.54,0.0,0.14,0.13333333333333333,0.04666666666666667
,Mil,0.0,0.0,0.2,0.0,0.0,0.0,0.8
,Myc,0.28104575163398693,0.0,0.1568627450980392,0.0,0.48366013071895425,0.06535947712418301,0.013071895424836602
,Pse,0.1858974358974359,0.07692307692307693,0.08974358974358974,0.0,0.12179487179487179,0.5128205128205128,0.01282051282051282
,Syl,0.005813953488372093,0.0,0.040697674418604654,0.0,0.0,0.0,0.9534883720930233

accuracy,0.6191446028513238

,precision,recall,f1-score,support
Alt,0.5362776025236593,0.8585858585858586,0.6601941747572815,198
Big,0.7358490566037735,0.2932330827067669,0.4193548387096774,133
Mac,0.5912408759124088,0.54,0.5644599303135889,150
Mil,0.0,0.0,0.0,20
Myc,0.5826771653543307,0.48366013071895425,0.5285714285714286,153
Pse,0.6106870229007634,0.5128205128205128,0.5574912891986062,156
Syl,0.7557603686635944,0.9534883720930233,0.8431876606683805,172
macro avg,0.5446417274226472,0.5202554224178736,0.5104656174598519,982
weighted avg,0.618273509670792,0.6191446028513238,0.5947352108133805,982

Iteration_2
Confusion matrix not normalized
,,Alt,Big,Mac,Mil,Myc,Pse,Syl
,Alt,169,0,2,0,12,1,14
,Big,56,39,5,0,5,22,6
,Mac,20,5,70,0,26,17,12
,Mil,2,0,4,0,0,0,14
,Myc,32,0,14,0,99,8,0
,Pse,33,15,18,0,23,65,2
,Syl,7,1,5,0,0,0,159

Confusion matrix normalized
,,Alt,Big,Mac,Mil,Myc,Pse,Syl
,Alt,0.8535353535353535,0.0,0.010101010101010102,0.0,0.06060606060606061,0.005050505050505051,0.0707070707070707
,Big,0.42105263157894735,0.2932330827067669,0.03759398496240601,0.0,0.03759398496240601,0.16541353383458646,0.045112781954887216
,Mac,0.13333333333333333,0.03333333333333333,0.4666666666666667,0.0,0.17333333333333334,0.11333333333333333,0.08
,Mil,0.1,0.0,0.2,0.0,0.0,0.0,0.7
,Myc,0.20915032679738563,0.0,0.0915032679738562,0.0,0.6470588235294118,0.05228758169934641,0.0
,Pse,0.21153846153846154,0.09615384615384616,0.11538461538461539,0.0,0.14743589743589744,0.4166666666666667,0.01282051282051282
,Syl,0.040697674418604654,0.005813953488372093,0.029069767441860465,0.0,0.0,0.0,0.9244186046511628

accuracy,0.6120162932790224

,precision,recall,f1-score,support
Alt,0.5297805642633229,0.8535353535353535,0.6537717601547389,198
Big,0.65,0.2932330827067669,0.40414507772020725,133
Mac,0.5932203389830508,0.4666666666666667,0.5223880597014926,150
Mil,0.0,0.0,0.0,20
Myc,0.6,0.6470588235294118,0.6226415094339622,153
Pse,0.5752212389380531,0.4166666666666667,0.483271375464684,156
Syl,0.7681159420289855,0.9244186046511628,0.8390501319261213,172
macro avg,0.5309054406019159,0.5145113139651468,0.5036097020573153,982
weighted avg,0.604867676043704,0.6120162932790224,0.5870951334112318,982

Iteration_3
Confusion matrix not normalized
,,Alt,Big,Mac,Mil,Myc,Pse,Syl
,Alt,152,0,7,0,19,4,15
,Big,51,34,7,0,10,25,6
,Mac,11,4,90,0,17,13,15
,Mil,0,0,1,0,0,0,19
,Myc,30,0,13,0,103,7,1
,Pse,31,13,19,0,20,73,0
,Syl,3,0,3,0,1,0,164

Confusion matrix normalized
,,Alt,Big,Mac,Mil,Myc,Pse,Syl
,Alt,0.7715736040609137,0.0,0.03553299492385787,0.0,0.09644670050761421,0.02030456852791878,0.07614213197969544
,Big,0.38345864661654133,0.2556390977443609,0.05263157894736842,0.0,0.07518796992481203,0.18796992481203006,0.045112781954887216
,Mac,0.07333333333333333,0.02666666666666667,0.6,0.0,0.11333333333333333,0.08666666666666667,0.1
,Mil,0.0,0.0,0.05,0.0,0.0,0.0,0.95
,Myc,0.19480519480519481,0.0,0.08441558441558442,0.0,0.6688311688311688,0.045454545454545456,0.006493506493506494
,Pse,0.1987179487179487,0.08333333333333333,0.12179487179487179,0.0,0.1282051282051282,0.46794871794871795,0.0
,Syl,0.017543859649122806,0.0,0.017543859649122806,0.0,0.005847953216374269,0.0,0.9590643274853801

accuracy,0.6279306829765545

,precision,recall,f1-score,support
Alt,0.5467625899280576,0.7715736040609137,0.64,197
Big,0.6666666666666666,0.2556390977443609,0.3695652173913043,133
Mac,0.6428571428571429,0.6,0.6206896551724138,150
Mil,0.0,0.0,0.0,20
Myc,0.6058823529411764,0.6688311688311688,0.6358024691358024,154
Pse,0.5983606557377049,0.46794871794871795,0.525179856115108,156
Syl,0.7454545454545455,0.9590643274853801,0.8388746803069054,171
macro avg,0.5437119933693277,0.531865273724363,0.5185874111602191,981
weighted avg,0.6186853621119428,0.6279306829765545,0.603083415211271,981

Iteration_4
Confusion matrix not normalized
,,Alt,Big,Mac,Mil,Myc,Pse,Syl
,Alt,167,0,8,0,9,2,11
,Big,49,39,5,0,8,19,13
,Mac,24,4,73,0,20,15,14
,Mil,4,0,1,0,0,0,15
,Myc,32,0,19,0,95,7,1
,Pse,30,18,8,0,16,82,2
,Syl,0,0,3,0,0,0,168

Confusion matrix normalized
,,Alt,Big,Mac,Mil,Myc,Pse,Syl
,Alt,0.8477157360406091,0.0,0.04060913705583756,0.0,0.04568527918781726,0.01015228426395939,0.05583756345177665
,Big,0.3684210526315789,0.2932330827067669,0.03759398496240601,0.0,0.06015037593984962,0.14285714285714285,0.09774436090225563
,Mac,0.16,0.02666666666666667,0.4866666666666667,0.0,0.13333333333333333,0.1,0.09333333333333334
,Mil,0.2,0.0,0.05,0.0,0.0,0.0,0.75
,Myc,0.2077922077922078,0.0,0.12337662337662338,0.0,0.6168831168831169,0.045454545454545456,0.006493506493506494
,Pse,0.19230769230769232,0.11538461538461539,0.05128205128205128,0.0,0.10256410256410256,0.5256410256410257,0.01282051282051282
,Syl,0.0,0.0,0.017543859649122806,0.0,0.0,0.0,0.9824561403508771

accuracy,0.636085626911315

,precision,recall,f1-score,support
Alt,0.545751633986928,0.8477157360406091,0.6640159045725645,197
Big,0.639344262295082,0.2932330827067669,0.4020618556701031,133
Mac,0.6239316239316239,0.4866666666666667,0.5468164794007491,150
Mil,0.0,0.0,0.0,20
Myc,0.6418918918918919,0.6168831168831169,0.6291390728476822,154
Pse,0.656,0.5256410256410257,0.5836298932384342,156
Syl,0.75,0.9824561403508771,0.850632911392405,171
macro avg,0.5509884874436465,0.5360851097555803,0.5251851595888483,981
weighted avg,0.627495365669486,0.636085626911315,0.6113147200070044,981

dtree
Result global
Confusion matrix not normalized
,,Alt,Big,Mac,Mil,Myc,Pse,Syl
,Alt,806,35,28,5,50,58,6
,Big,26,489,45,2,24,71,8
,Mac,34,35,463,11,82,104,21
