B3
Confusion matrix not normalized
,,Alt,Big,Mac,Mil,Myc,Pse,Syl
,Alt,453,17,2,2,7,8,5
,Big,14,277,7,2,2,23,7
,Mac,5,18,296,9,13,37,9
,Mil,1,1,4,395,0,19,27
,Myc,20,14,16,0,319,16,1
,Pse,16,25,16,8,15,307,7
,Syl,1,5,3,17,1,1,417

Confusion matrix normalized
,,Alt,Big,Mac,Mil,Myc,Pse,Syl
,Alt,0.917004048582996,0.03441295546558704,0.004048582995951417,0.004048582995951417,0.01417004048582996,0.016194331983805668,0.010121457489878543
,Big,0.04216867469879518,0.8343373493975904,0.02108433734939759,0.006024096385542169,0.006024096385542169,0.06927710843373494,0.02108433734939759
,Mac,0.012919896640826873,0.046511627906976744,0.7648578811369509,0.023255813953488372,0.03359173126614987,0.09560723514211886,0.023255813953488372
,Mil,0.0022371364653243847,0.0022371364653243847,0.008948545861297539,0.883668903803132,0.0,0.042505592841163314,0.06040268456375839
,Myc,0.05181347150259067,0.03626943005181347,0.04145077720207254,0.0,0.8264248704663213,0.04145077720207254,0.0025906735751295338
,Pse,0.04060913705583756,0.06345177664974619,0.04060913705583756,0.02030456852791878,0.03807106598984772,0.7791878172588832,0.017766497461928935
,Syl,0.0022471910112359553,0.011235955056179775,0.006741573033707865,0.038202247191011236,0.0022471910112359553,0.0022471910112359553,0.9370786516853933

accuracy,0.8540727902946273

,precision,recall,f1-score,support
Alt,0.888235294117647,0.917004048582996,0.9023904382470119,494
Big,0.7759103641456583,0.8343373493975904,0.8040638606676344,332
Mac,0.8604651162790697,0.7648578811369509,0.8098495212038304,387
Mil,0.9122401847575058,0.883668903803132,0.8977272727272727,447
Myc,0.8935574229691877,0.8264248704663213,0.8586810228802153,386
Pse,0.7469586374695864,0.7791878172588832,0.7627329192546584,394
Syl,0.8816067653276956,0.9370786516853933,0.9084967320261438,445
macro avg,0.8512819692951931,0.8489370746187525,0.8491345381438238,2885
weighted avg,0.8556990356246201,0.8540727902946273,0.8539600085339287,2885

B4
Confusion matrix not normalized
,,Alt,Big,Mac,Mil,Myc,Pse,Syl
,Alt,445,23,1,1,10,11,3
,Big,17,277,8,1,5,19,5
,Mac,5,9,282,14,19,49,9
,Mil,0,2,8,409,2,8,18
,Myc,17,16,19,4,306,20,4
,Pse,10,30,24,14,18,290,8
,Syl,1,2,2,19,2,2,417

Confusion matrix normalized
,,Alt,Big,Mac,Mil,Myc,Pse,Syl
,Alt,0.9008097165991903,0.0465587044534413,0.0020242914979757085,0.0020242914979757085,0.020242914979757085,0.022267206477732792,0.006072874493927126
,Big,0.05120481927710843,0.8343373493975904,0.024096385542168676,0.0030120481927710845,0.015060240963855422,0.0572289156626506,0.015060240963855422
,Mac,0.012919896640826873,0.023255813953488372,0.7286821705426356,0.03617571059431524,0.04909560723514212,0.12661498708010335,0.023255813953488372
,Mil,0.0,0.0044742729306487695,0.017897091722595078,0.9149888143176734,0.0044742729306487695,0.017897091722595078,0.040268456375838924
,Myc,0.04404145077720207,0.04145077720207254,0.04922279792746114,0.010362694300518135,0.7927461139896373,0.05181347150259067,0.010362694300518135
,Pse,0.025380710659898477,0.07614213197969544,0.06091370558375635,0.03553299492385787,0.04568527918781726,0.7360406091370558,0.02030456852791878
,Syl,0.0022471910112359553,0.0044943820224719105,0.0044943820224719105,0.04269662921348315,0.0044943820224719105,0.0044943820224719105,0.9370786516853933

accuracy,0.8409012131715772

,precision,recall,f1-score,support
Alt,0.898989898989899,0.9008097165991903,0.8998988877654196,494
Big,0.7715877437325905,0.8343373493975904,0.8017366136034731,332
Mac,0.8197674418604651,0.7286821705426356,0.7715458276333789,387
Mil,0.8852813852813853,0.9149888143176734,0.8998899889988999,447
Myc,0.8453038674033149,0.7927461139896373,0.8181818181818181,386
Pse,0.7268170426065163,0.7360406091370558,0.7313997477931904,394
Syl,0.8987068965517241,0.9370786516853933,0.9174917491749174,445
macro avg,0.8352077537751279,0.8349547750955965,0.8343063761644426,2885
weighted avg,0.8408376765376685,0.8409012131715772,0.8401522278962333,2885

B5
Confusion matrix not normalized
,,Alt,Big,Mac,Mil,Myc,Pse,Syl
,Alt,470,7,0,0,3,11,3
,Big,34,248,11,4,3,27,5
,Mac,6,16,287,11,10,51,6
,Mil,4,2,3,403,0,14,21
,Myc,31,16,18,3,286,29,3
,Pse,16,21,21,9,9,311,7
,Syl,2,1,1,17,0,2,422

Confusion matrix normalized
,,Alt,Big,Mac,Mil,Myc,Pse,Syl
,Alt,0.951417004048583,0.01417004048582996,0.0,0.0,0.006072874493927126,0.022267206477732792,0.006072874493927126
,Big,0.10240963855421686,0.7469879518072289,0.03313253012048193,0.012048192771084338,0.009036144578313253,0.08132530120481928,0.015060240963855422
,Mac,0.015503875968992248,0.041343669250646,0.7416020671834626,0.028423772609819122,0.025839793281653745,0.13178294573643412,0.015503875968992248
,Mil,0.008948545861297539,0.0044742729306487695,0.006711409395973154,0.901565995525727,0.0,0.03131991051454139,0.04697986577181208
,Myc,0.08031088082901554,0.04145077720207254,0.046632124352331605,0.007772020725388601,0.7409326424870466,0.07512953367875648,0.007772020725388601
,Pse,0.04060913705583756,0.0532994923857868,0.0532994923857868,0.02284263959390863,0.02284263959390863,0.7893401015228426,0.017766497461928935
,Syl,0.0044943820224719105,0.0022471910112359553,0.0022471910112359553,0.038202247191011236,0.0,0.0044943820224719105,0.9483146067415731

accuracy,0.8412478336221837

,precision,recall,f1-score,support
Alt,0.8348134991119005,0.951417004048583,0.8893093661305582,494
Big,0.797427652733119,0.7469879518072289,0.7713841368584758,332
Mac,0.841642228739003,0.7416020671834626,0.7884615384615385,387
Mil,0.901565995525727,0.901565995525727,0.901565995525727,447
Myc,0.9196141479099679,0.7409326424870466,0.8206599713055953,386
Pse,0.698876404494382,0.7893401015228426,0.7413587604290823,394
Syl,0.9036402569593148,0.9483146067415731,0.9254385964912282,445
macro avg,0.8425114550676306,0.8314514813309234,0.8340254807431722,2885
weighted avg,0.8451673035014203,0.8412478336221837,0.8402922882709669,2885

B6
Confusion matrix not normalized
,,Alt,Big,Mac,Mil,Myc,Pse,Syl
,Alt,456,18,3,2,4,7,4
,Big,19,286,5,4,5,9,4
,Mac,4,25,308,13,5,29,3
,Mil,1,4,4,414,0,12,12
,Myc,30,19,30,3,282,20,2
,Pse,17,33,33,19,6,276,10
,Syl,1,0,8,16,0,1,419

Confusion matrix normalized
,,Alt,Big,Mac,Mil,Myc,Pse,Syl
,Alt,0.9230769230769231,0.03643724696356275,0.006072874493927126,0.004048582995951417,0.008097165991902834,0.01417004048582996,0.008097165991902834
,Big,0.0572289156626506,0.8614457831325302,0.015060240963855422,0.012048192771084338,0.015060240963855422,0.02710843373493976,0.012048192771084338
,Mac,0.0103359173126615,0.06459948320413436,0.7958656330749354,0.03359173126614987,0.012919896640826873,0.07493540051679587,0.007751937984496124
,Mil,0.0022371364653243847,0.008948545861297539,0.008948545861297539,0.9261744966442953,0.0,0.026845637583892617,0.026845637583892617
,Myc,0.07772020725388601,0.04922279792746114,0.07772020725388601,0.007772020725388601,0.7305699481865285,0.05181347150259067,0.0051813471502590676
,Pse,0.04314720812182741,0.08375634517766498,0.08375634517766498,0.048223350253807105,0.015228426395939087,0.700507614213198,0.025380710659898477
,Syl,0.0022471910112359553,0.0,0.017977528089887642,0.035955056179775284,0.0,0.0022471910112359553,0.9415730337078652

accuracy,0.8461005199306759

,precision,recall,f1-score,support
Alt,0.8636363636363636,0.9230769230769231,0.8923679060665364,494
Big,0.7428571428571429,0.8614457831325302,0.797768479776848,332
Mac,0.7877237851662404,0.7958656330749354,0.7917737789203084,387
Mil,0.8789808917197452,0.9261744966442953,0.9019607843137255,447
Myc,0.9337748344370861,0.7305699481865285,0.8197674418604652,386
Pse,0.7796610169491526,0.700507614213198,0.7379679144385026,394
Syl,0.9229074889867841,0.9415730337078652,0.9321468298109009,445
macro avg,0.8442202176789307,0.8398876331480393,0.839107590741041,2885
weighted avg,0.8489898987496695,0.8461005199306759,0.8448099598010184,2885

VGG16
Confusion matrix not normalized
,,Alt,Big,Mac,Mil,Myc,Pse,Syl
,Alt,459,4,4,2,12,6,7
,Big,38,202,37,1,12,35,7
,Mac,7,9,272,11,23,40,25
,Mil,14,0,18,319,2,23,71
,Myc,34,5,33,5,285,17,7
,Pse,30,18,49,12,19,245,21
,Syl,3,0,9,12,0,1,420

Confusion matrix normalized
,,Alt,Big,Mac,Mil,Myc,Pse,Syl
,Alt,0.9291497975708503,0.008097165991902834,0.008097165991902834,0.004048582995951417,0.024291497975708502,0.012145748987854251,0.01417004048582996
,Big,0.1144578313253012,0.608433734939759,0.11144578313253012,0.0030120481927710845,0.03614457831325301,0.10542168674698796,0.02108433734939759
,Mac,0.01808785529715762,0.023255813953488372,0.7028423772609819,0.028423772609819122,0.059431524547803614,0.10335917312661498,0.06459948320413436
,Mil,0.03131991051454139,0.0,0.040268456375838924,0.7136465324384788,0.0044742729306487695,0.05145413870246085,0.15883668903803133
,Myc,0.08808290155440414,0.012953367875647668,0.08549222797927461,0.012953367875647668,0.7383419689119171,0.04404145077720207,0.018134715025906734
,Pse,0.07614213197969544,0.04568527918781726,0.12436548223350254,0.030456852791878174,0.048223350253807105,0.6218274111675127,0.0532994923857868
,Syl,0.006741573033707865,0.0,0.020224719101123594,0.02696629213483146,0.0,0.0022471910112359553,0.9438202247191011

accuracy,0.7632582322357019

,precision,recall,f1-score,support
Alt,0.7846153846153846,0.9291497975708503,0.850787766450417,494
Big,0.8487394957983193,0.608433734939759,0.7087719298245614,332
Mac,0.6445497630331753,0.7028423772609819,0.6724351050679851,387
Mil,0.8812154696132597,0.7136465324384788,0.788627935723115,447
Myc,0.8073654390934845,0.7383419689119171,0.7713125845737483,386
Pse,0.667574931880109,0.6218274111675127,0.6438896189224703,394
Syl,0.7526881720430108,0.9438202247191011,0.8374875373878365,445
macro avg,0.7695355222966775,0.7511517210012286,0.7533303539928762,2885
weighted avg,0.7703082859708824,0.7632582322357019,0.7599485725810433,2885

